1.178900000000000000e+05
1.175950000000000000e+05
1.173000000000000000e+05
1.170050000000000000e+05
1.167100000000000000e+05
1.164150000000000000e+05
1.161200000000000000e+05
1.158250000000000000e+05
1.155300000000000000e+05
1.152350000000000000e+05
1.149400000000000000e+05
1.146450000000000000e+05
1.143500000000000000e+05
1.140550000000000000e+05
1.137600000000000000e+05
1.134650000000000000e+05
1.131700000000000000e+05
1.128750000000000000e+05
1.125800000000000000e+05
1.122850000000000000e+05
1.119900000000000000e+05
1.116950000000000000e+05
1.114000000000000000e+05
1.111050000000000000e+05
1.108100000000000000e+05
1.105150000000000000e+05
1.102200000000000000e+05
1.099250000000000000e+05
1.096300000000000000e+05
1.093350000000000000e+05
1.090400000000000000e+05
1.087450000000000000e+05
1.084500000000000000e+05
1.081550000000000000e+05
1.078600000000000000e+05
1.075650000000000000e+05
1.072700000000000000e+05
1.069750000000000000e+05
1.066800000000000000e+05
1.063850000000000000e+05
1.060900000000000000e+05
1.057950000000000000e+05
1.055000000000000000e+05
1.052050000000000000e+05
1.049100000000000000e+05
1.046150000000000000e+05
1.043200000000000000e+05
1.040250000000000000e+05
1.037300000000000000e+05
1.034350000000000000e+05
1.031400000000000000e+05
1.028450000000000000e+05
1.025500000000000000e+05
1.022550000000000000e+05
1.019600000000000000e+05
1.016650000000000000e+05
1.013700000000000000e+05
1.010750000000000000e+05
1.007800000000000000e+05
1.004850000000000000e+05
1.001900000000000000e+05
9.989500000000000000e+04
9.960000000000000000e+04
9.930500000000000000e+04
9.901000000000000000e+04
9.871500000000000000e+04
9.842000000000000000e+04
9.812500000000000000e+04
9.783000000000000000e+04
9.753500000000000000e+04
9.724000000000000000e+04
9.694500000000000000e+04
9.665000000000000000e+04
9.635500000000000000e+04
9.606000000000000000e+04
9.576500000000000000e+04
9.547000000000000000e+04
9.517500000000000000e+04
9.488000000000000000e+04
9.458500000000000000e+04
9.429000000000000000e+04
9.399500000000000000e+04
9.370000000000000000e+04
9.340500000000000000e+04
9.311000000000000000e+04
9.281500000000000000e+04
9.252000000000000000e+04
9.222500000000000000e+04
9.193000000000000000e+04
9.163500000000000000e+04
9.134000000000000000e+04
9.104500000000000000e+04
9.075000000000000000e+04
9.045500000000000000e+04
9.016000000000000000e+04
8.986500000000000000e+04
8.957000000000000000e+04
8.927500000000000000e+04
8.898000000000000000e+04
8.868500000000000000e+04
8.839000000000000000e+04
8.809500000000000000e+04
8.780000000000000000e+04
8.750500000000000000e+04
8.721000000000000000e+04
8.691500000000000000e+04
8.662000000000000000e+04
8.632500000000000000e+04
8.603000000000000000e+04
8.573500000000000000e+04
8.544000000000000000e+04
8.514500000000000000e+04
8.485000000000000000e+04
8.455500000000000000e+04
8.426000000000000000e+04
8.396500000000000000e+04
8.367000000000000000e+04
8.337500000000000000e+04
8.308000000000000000e+04
8.278500000000000000e+04
8.249000000000000000e+04
8.219500000000000000e+04
8.190000000000000000e+04
8.160500000000000000e+04
8.131000000000000000e+04
8.101500000000000000e+04
8.072000000000000000e+04
8.042500000000000000e+04
8.013000000000000000e+04
7.983500000000000000e+04
7.954000000000000000e+04
7.924500000000000000e+04
7.895000000000000000e+04
7.865500000000000000e+04
7.836000000000000000e+04
7.806500000000000000e+04
7.777000000000000000e+04
7.747500000000000000e+04
7.718000000000000000e+04
7.688500000000000000e+04
7.659000000000000000e+04
7.629500000000000000e+04
7.600000000000000000e+04
7.570500000000000000e+04
7.541000000000000000e+04
7.511500000000000000e+04
7.482000000000000000e+04
7.452500000000000000e+04
7.423000000000000000e+04
7.393500000000000000e+04
7.364000000000000000e+04
7.334500000000000000e+04
7.305000000000000000e+04
7.275500000000000000e+04
7.246000000000000000e+04
7.216500000000000000e+04
7.187000000000000000e+04
7.157500000000000000e+04
7.128000000000000000e+04
7.098500000000000000e+04
7.069000000000000000e+04
7.039500000000000000e+04
7.010000000000000000e+04
6.980500000000000000e+04
6.951000000000000000e+04
6.921500000000000000e+04
6.892000000000000000e+04
6.862500000000000000e+04
6.833000000000000000e+04
6.803500000000000000e+04
6.774000000000000000e+04
6.744500000000000000e+04
6.715000000000000000e+04
6.685500000000000000e+04
6.656000000000000000e+04
6.626500000000000000e+04
6.597000000000000000e+04
6.567500000000000000e+04
6.538000000000000000e+04
6.508500000000000000e+04
6.479000000000000000e+04
6.449500000000000000e+04
6.420000000000000000e+04
6.390500000000000000e+04
6.361000000000000000e+04
6.331500000000000000e+04
6.302000000000000000e+04
6.272500000000000000e+04
6.243000000000000000e+04
6.213500000000000000e+04
6.184000000000000000e+04
6.154500000000000000e+04
6.125000000000000000e+04
6.095500000000000000e+04
6.066000000000000000e+04
6.036500000000000000e+04
6.007000000000000000e+04
5.977500000000000000e+04
5.948000000000000000e+04
5.918500000000000000e+04
5.889000000000000000e+04
5.859500000000000000e+04
5.830000000000000000e+04
5.800500000000000000e+04
5.771000000000000000e+04
5.741500000000000000e+04
5.712000000000000000e+04
5.682500000000000000e+04
5.653000000000000000e+04
5.623500000000000000e+04
5.594000000000000000e+04
5.564500000000000000e+04
5.535000000000000000e+04
5.505500000000000000e+04
5.476000000000000000e+04
5.446500000000000000e+04
5.417000000000000000e+04
5.387500000000000000e+04
5.358000000000000000e+04
5.328500000000000000e+04
5.299000000000000000e+04
5.269500000000000000e+04
5.240000000000000000e+04
5.210500000000000000e+04
5.181000000000000000e+04
5.151500000000000000e+04
5.122000000000000000e+04
5.092500000000000000e+04
5.063000000000000000e+04
5.033500000000000000e+04
5.004000000000000000e+04
4.974500000000000000e+04
4.945000000000000000e+04
4.915500000000000000e+04
4.886000000000000000e+04
4.856500000000000000e+04
4.827000000000000000e+04
4.797500000000000000e+04
4.768000000000000000e+04
4.738500000000000000e+04
4.709000000000000000e+04
4.679500000000000000e+04
4.650000000000000000e+04
4.620500000000000000e+04
4.591000000000000000e+04
4.561500000000000000e+04
4.532000000000000000e+04
4.502500000000000000e+04
4.473000000000000000e+04
4.443500000000000000e+04
4.414000000000000000e+04
4.384500000000000000e+04
4.355000000000000000e+04
4.325500000000000000e+04
4.296000000000000000e+04
4.266500000000000000e+04
4.237000000000000000e+04
4.207500000000000000e+04
4.178000000000000000e+04
4.148500000000000000e+04
4.119000000000000000e+04
4.089500000000000000e+04
4.060000000000000000e+04
4.030500000000000000e+04
4.001000000000000000e+04
3.971500000000000000e+04
3.942000000000000000e+04
3.912500000000000000e+04
3.883000000000000000e+04
3.853500000000000000e+04
3.824000000000000000e+04
3.794500000000000000e+04
3.765000000000000000e+04
3.735500000000000000e+04
3.706000000000000000e+04
3.676500000000000000e+04
3.647000000000000000e+04
3.617500000000000000e+04
3.588000000000000000e+04
3.558500000000000000e+04
3.529000000000000000e+04
3.499500000000000000e+04
3.470000000000000000e+04
3.440500000000000000e+04
3.411000000000000000e+04
3.381500000000000000e+04
3.352000000000000000e+04
3.322500000000000000e+04
3.293000000000000000e+04
3.263500000000000000e+04
3.234000000000000000e+04
3.204500000000000000e+04
3.175000000000000000e+04
3.145500000000000000e+04
3.116000000000000000e+04
3.086500000000000000e+04
3.057000000000000000e+04
3.027500000000000000e+04
2.998000000000000000e+04
2.968500000000000000e+04
2.939000000000000000e+04
2.909500000000000000e+04
2.880000000000000000e+04
2.850500000000000000e+04
2.821000000000000000e+04
2.791500000000000000e+04
2.762000000000000000e+04
2.732500000000000000e+04
2.703000000000000000e+04
2.673500000000000000e+04
2.644000000000000000e+04
2.614500000000000000e+04
2.585000000000000000e+04
2.555500000000000000e+04
2.526000000000000000e+04
2.496500000000000000e+04
2.467000000000000000e+04
2.437500000000000000e+04
2.408000000000000000e+04
2.378500000000000000e+04
2.349000000000000000e+04
2.319500000000000000e+04
2.290000000000000000e+04
2.260500000000000000e+04
2.231000000000000000e+04
2.201500000000000000e+04
2.172000000000000000e+04
2.142500000000000000e+04
2.113000000000000000e+04
2.083500000000000000e+04
2.054000000000000000e+04
2.024500000000000000e+04
1.995000000000000000e+04
1.965500000000000000e+04
1.936000000000000000e+04
1.906500000000000000e+04
1.877000000000000000e+04
1.847500000000000000e+04
1.818000000000000000e+04
1.788500000000000000e+04
1.759000000000000000e+04
1.729500000000000000e+04
1.700000000000000000e+04
1.670500000000000000e+04
1.641000000000000000e+04
1.611500000000000000e+04
1.582000000000000000e+04
1.552500000000000000e+04
1.523000000000000000e+04
1.493500000000000000e+04
1.464000000000000000e+04
1.434500000000000000e+04
1.405000000000000000e+04
1.375500000000000000e+04
1.346000000000000000e+04
1.316500000000000000e+04
1.287000000000000000e+04
1.257500000000000000e+04
1.228000000000000000e+04
1.198500000000000000e+04
1.169000000000000000e+04
1.139500000000000000e+04
1.110000000000000000e+04
1.080500000000000000e+04
1.051000000000000000e+04
1.021500000000000000e+04
9.920000000000000000e+03
9.625000000000000000e+03
9.330000000000000000e+03
9.035000000000000000e+03
8.740000000000000000e+03
8.445000000000000000e+03
8.150000000000000000e+03
7.855000000000000000e+03
7.560000000000000000e+03
7.265000000000000000e+03
6.970000000000000000e+03
6.675000000000000000e+03
6.380000000000000000e+03
6.085000000000000000e+03
5.790000000000000000e+03
5.495000000000000000e+03
5.200000000000000000e+03
4.905000000000000000e+03
4.610000000000000000e+03
4.315000000000000000e+03
4.020000000000000000e+03
3.725000000000000000e+03
3.430000000000000000e+03
3.135000000000000000e+03
2.840000000000000000e+03
2.545000000000000000e+03
2.250000000000000000e+03
1.955000000000000000e+03
1.660000000000000000e+03
1.365000000000000000e+03
1.070000000000000000e+03
7.750000000000000000e+02
4.800000000000000000e+02
1.850000000000000000e+02
-1.100000000000000000e+02
-4.050000000000000000e+02
-7.000000000000000000e+02
-9.950000000000000000e+02
-1.290000000000000000e+03
-1.585000000000000000e+03
-1.880000000000000000e+03
-2.175000000000000000e+03
-2.470000000000000000e+03
-2.765000000000000000e+03
-3.060000000000000000e+03
-3.355000000000000000e+03
-3.650000000000000000e+03
-3.945000000000000000e+03
-4.240000000000000000e+03
-4.535000000000000000e+03
-4.830000000000000000e+03
-5.125000000000000000e+03
-5.420000000000000000e+03
-5.715000000000000000e+03
-6.010000000000000000e+03
-6.305000000000000000e+03
-6.600000000000000000e+03
-6.895000000000000000e+03
-7.190000000000000000e+03
-7.485000000000000000e+03
-7.780000000000000000e+03
-8.075000000000000000e+03
-8.370000000000000000e+03
-8.665000000000000000e+03
-8.960000000000000000e+03
-9.255000000000000000e+03
-9.550000000000000000e+03
-9.845000000000000000e+03
-1.014000000000000000e+04
-1.043500000000000000e+04
-1.073000000000000000e+04
-1.102500000000000000e+04
-1.132000000000000000e+04
-1.161500000000000000e+04
-1.191000000000000000e+04
-1.220500000000000000e+04
-1.250000000000000000e+04
-1.279500000000000000e+04
-1.309000000000000000e+04
-1.338500000000000000e+04
-1.368000000000000000e+04
-1.397500000000000000e+04
-1.427000000000000000e+04
-1.456500000000000000e+04
-1.486000000000000000e+04
-1.515500000000000000e+04
-1.545000000000000000e+04
-1.574500000000000000e+04
-1.604000000000000000e+04
-1.633500000000000000e+04
-1.663000000000000000e+04
-1.692500000000000000e+04
-1.722000000000000000e+04
-1.751500000000000000e+04
-1.781000000000000000e+04
-1.810500000000000000e+04
-1.840000000000000000e+04
-1.869500000000000000e+04
-1.899000000000000000e+04
-1.928500000000000000e+04
-1.958000000000000000e+04
-1.987500000000000000e+04
-2.017000000000000000e+04
-2.046500000000000000e+04
-2.076000000000000000e+04
-2.105500000000000000e+04
-2.135000000000000000e+04
-2.164500000000000000e+04
-2.194000000000000000e+04
-2.223500000000000000e+04
-2.253000000000000000e+04
-2.282500000000000000e+04
-2.312000000000000000e+04
-2.341500000000000000e+04
-2.371000000000000000e+04
-2.400500000000000000e+04
-2.430000000000000000e+04
-2.459500000000000000e+04
-2.489000000000000000e+04
-2.518500000000000000e+04
-2.548000000000000000e+04
-2.577500000000000000e+04
-2.607000000000000000e+04
-2.636500000000000000e+04
-2.666000000000000000e+04
-2.695500000000000000e+04
-2.725000000000000000e+04
-2.754500000000000000e+04
-2.784000000000000000e+04
-2.813500000000000000e+04
-2.843000000000000000e+04
-2.872500000000000000e+04
-2.902000000000000000e+04
-2.931500000000000000e+04
-2.961000000000000000e+04
-2.990500000000000000e+04
-3.020000000000000000e+04
-3.049500000000000000e+04
-3.079000000000000000e+04
-3.108500000000000000e+04
-3.138000000000000000e+04
-3.167500000000000000e+04
-3.197000000000000000e+04
-3.226500000000000000e+04
-3.256000000000000000e+04
-3.285500000000000000e+04
-3.315000000000000000e+04
-3.344500000000000000e+04
-3.374000000000000000e+04
-3.403500000000000000e+04
-3.433000000000000000e+04
-3.462500000000000000e+04
-3.492000000000000000e+04
-3.521500000000000000e+04
-3.551000000000000000e+04
-3.580500000000000000e+04
-3.610000000000000000e+04
-3.639500000000000000e+04
-3.669000000000000000e+04
-3.698500000000000000e+04
-3.728000000000000000e+04
-3.757500000000000000e+04
-3.787000000000000000e+04
-3.816500000000000000e+04
-3.846000000000000000e+04
-3.875500000000000000e+04
-3.905000000000000000e+04
-3.934500000000000000e+04
-3.964000000000000000e+04
-3.993500000000000000e+04
-4.023000000000000000e+04
-4.052500000000000000e+04
-4.082000000000000000e+04
-4.111500000000000000e+04
-4.141000000000000000e+04
-4.170500000000000000e+04
-4.200000000000000000e+04
-4.229500000000000000e+04
-4.259000000000000000e+04
-4.288500000000000000e+04
-4.318000000000000000e+04
-4.347500000000000000e+04
-4.377000000000000000e+04
-4.406500000000000000e+04
-4.436000000000000000e+04
-4.465500000000000000e+04
-4.495000000000000000e+04
-4.524500000000000000e+04
-4.554000000000000000e+04
-4.583500000000000000e+04
-4.613000000000000000e+04
-4.642500000000000000e+04
-4.672000000000000000e+04
-4.701500000000000000e+04
-4.731000000000000000e+04
-4.760500000000000000e+04
-4.790000000000000000e+04
-4.819500000000000000e+04
-4.849000000000000000e+04
-4.878500000000000000e+04
-4.908000000000000000e+04
-4.937500000000000000e+04
-4.967000000000000000e+04
-4.996500000000000000e+04
-5.026000000000000000e+04
-5.055500000000000000e+04
-5.085000000000000000e+04
-5.114500000000000000e+04
-5.144000000000000000e+04
-5.173500000000000000e+04
-5.203000000000000000e+04
-5.232500000000000000e+04
-5.262000000000000000e+04
-5.291500000000000000e+04
-5.321000000000000000e+04
-5.350500000000000000e+04
-5.380000000000000000e+04
-5.409500000000000000e+04
-5.439000000000000000e+04
-5.468500000000000000e+04
-5.498000000000000000e+04
-5.527500000000000000e+04
-5.557000000000000000e+04
-5.586500000000000000e+04
-5.616000000000000000e+04
-5.645500000000000000e+04
-5.675000000000000000e+04
-5.704500000000000000e+04
-5.734000000000000000e+04
-5.763500000000000000e+04
-5.793000000000000000e+04
-5.822500000000000000e+04
-5.852000000000000000e+04
-5.881500000000000000e+04
-5.911000000000000000e+04
-5.940500000000000000e+04
-5.970000000000000000e+04
-5.999500000000000000e+04
-6.029000000000000000e+04
-6.058500000000000000e+04
-6.088000000000000000e+04
-6.117500000000000000e+04
-6.147000000000000000e+04
-6.176500000000000000e+04
-6.206000000000000000e+04
-6.235500000000000000e+04
-6.265000000000000000e+04
-6.294500000000000000e+04
-6.324000000000000000e+04
-6.353500000000000000e+04
-6.383000000000000000e+04
-6.412500000000000000e+04
-6.442000000000000000e+04
-6.471500000000000000e+04
-6.501000000000000000e+04
-6.530500000000000000e+04
-6.560000000000000000e+04
-6.589500000000000000e+04
-6.619000000000000000e+04
-6.648500000000000000e+04
-6.678000000000000000e+04
-6.707500000000000000e+04
-6.737000000000000000e+04
-6.766500000000000000e+04
-6.796000000000000000e+04
-6.825500000000000000e+04
-6.855000000000000000e+04
-6.884500000000000000e+04
-6.914000000000000000e+04
-6.943500000000000000e+04
-6.973000000000000000e+04
-7.002500000000000000e+04
-7.032000000000000000e+04
-7.061500000000000000e+04
-7.091000000000000000e+04
-7.120500000000000000e+04
-7.150000000000000000e+04
-7.179500000000000000e+04
-7.209000000000000000e+04
-7.238500000000000000e+04
-7.268000000000000000e+04
-7.297500000000000000e+04
-7.327000000000000000e+04
-7.356500000000000000e+04
-7.386000000000000000e+04
-7.415500000000000000e+04
-7.445000000000000000e+04
-7.474500000000000000e+04
-7.504000000000000000e+04
-7.533500000000000000e+04
-7.563000000000000000e+04
-7.592500000000000000e+04
-7.622000000000000000e+04
-7.651500000000000000e+04
-7.681000000000000000e+04
-7.710500000000000000e+04
-7.740000000000000000e+04
-7.769500000000000000e+04
-7.799000000000000000e+04
-7.828500000000000000e+04
-7.858000000000000000e+04
-7.887500000000000000e+04
-7.917000000000000000e+04
-7.946500000000000000e+04
-7.976000000000000000e+04
-8.005500000000000000e+04
-8.035000000000000000e+04
-8.064500000000000000e+04
-8.094000000000000000e+04
-8.123500000000000000e+04
-8.153000000000000000e+04
-8.182500000000000000e+04
-8.212000000000000000e+04
-8.241500000000000000e+04
-8.271000000000000000e+04
-8.300500000000000000e+04
-8.330000000000000000e+04
-8.359500000000000000e+04
-8.389000000000000000e+04
-8.418500000000000000e+04
-8.448000000000000000e+04
-8.477500000000000000e+04
-8.507000000000000000e+04
-8.536500000000000000e+04
-8.566000000000000000e+04
-8.595500000000000000e+04
-8.625000000000000000e+04
-8.654500000000000000e+04
-8.684000000000000000e+04
-8.713500000000000000e+04
-8.743000000000000000e+04
-8.772500000000000000e+04
-8.802000000000000000e+04
-8.831500000000000000e+04
-8.861000000000000000e+04
-8.890500000000000000e+04
-8.920000000000000000e+04
-8.949500000000000000e+04
-8.979000000000000000e+04
-9.008500000000000000e+04
-9.038000000000000000e+04
-9.067500000000000000e+04
-9.097000000000000000e+04
-9.126500000000000000e+04
-9.156000000000000000e+04
-9.185500000000000000e+04
-9.215000000000000000e+04
-9.244500000000000000e+04
-9.274000000000000000e+04
-9.303500000000000000e+04
-9.333000000000000000e+04
-9.362500000000000000e+04
-9.392000000000000000e+04
-9.421500000000000000e+04
-9.451000000000000000e+04
-9.480500000000000000e+04
-9.510000000000000000e+04
-9.539500000000000000e+04
-9.569000000000000000e+04
-9.598500000000000000e+04
-9.628000000000000000e+04
-9.657500000000000000e+04
-9.687000000000000000e+04
-9.716500000000000000e+04
-9.746000000000000000e+04
-9.775500000000000000e+04
-9.805000000000000000e+04
-9.834500000000000000e+04
-9.864000000000000000e+04
-9.893500000000000000e+04
-9.923000000000000000e+04
-9.952500000000000000e+04
-9.982000000000000000e+04
-1.001150000000000000e+05
-1.004100000000000000e+05
-1.007050000000000000e+05
-1.010000000000000000e+05
-1.012950000000000000e+05
-1.015900000000000000e+05
-1.018850000000000000e+05
-1.021800000000000000e+05
-1.024750000000000000e+05
-1.027700000000000000e+05
-1.030650000000000000e+05
-1.033600000000000000e+05
-1.036550000000000000e+05
-1.039500000000000000e+05
-1.042450000000000000e+05
-1.045400000000000000e+05
-1.048350000000000000e+05
-1.051300000000000000e+05
-1.054250000000000000e+05
-1.057200000000000000e+05
-1.060150000000000000e+05
-1.063100000000000000e+05
-1.066050000000000000e+05
-1.069000000000000000e+05
-1.071950000000000000e+05
-1.074900000000000000e+05
-1.077850000000000000e+05
-1.080800000000000000e+05
-1.083750000000000000e+05
-1.086700000000000000e+05
-1.089650000000000000e+05
-1.092600000000000000e+05
-1.095550000000000000e+05
-1.098500000000000000e+05
-1.101450000000000000e+05
-1.104400000000000000e+05
-1.107350000000000000e+05
-1.110300000000000000e+05
-1.113250000000000000e+05
-1.116200000000000000e+05
-1.119150000000000000e+05
-1.122100000000000000e+05
-1.125050000000000000e+05
-1.128000000000000000e+05
-1.130950000000000000e+05
-1.133900000000000000e+05
-1.136850000000000000e+05
-1.139800000000000000e+05
-1.142750000000000000e+05
-1.145700000000000000e+05
-1.148650000000000000e+05
-1.151600000000000000e+05
-1.154550000000000000e+05
-1.157500000000000000e+05
-1.160450000000000000e+05
-1.163400000000000000e+05
-1.166350000000000000e+05
-1.169300000000000000e+05
-1.172250000000000000e+05
-1.175200000000000000e+05
-1.178150000000000000e+05
-1.181100000000000000e+05
