5.902670000000000000e+05
5.896760000000000000e+05
5.890850000000000000e+05
5.884940000000000000e+05
5.879030000000000000e+05
5.873120000000000000e+05
5.867210000000000000e+05
5.861300000000000000e+05
5.855390000000000000e+05
5.849480000000000000e+05
5.843570000000000000e+05
5.837660000000000000e+05
5.831750000000000000e+05
5.825840000000000000e+05
5.819930000000000000e+05
5.814020000000000000e+05
5.808110000000000000e+05
5.802200000000000000e+05
5.796290000000000000e+05
5.790380000000000000e+05
5.784470000000000000e+05
5.778560000000000000e+05
5.772650000000000000e+05
5.766740000000000000e+05
5.760830000000000000e+05
5.754920000000000000e+05
5.749010000000000000e+05
5.743100000000000000e+05
5.737190000000000000e+05
5.731280000000000000e+05
5.725370000000000000e+05
5.719460000000000000e+05
5.713550000000000000e+05
5.707640000000000000e+05
5.701730000000000000e+05
5.695820000000000000e+05
5.689910000000000000e+05
5.684000000000000000e+05
5.678090000000000000e+05
5.672180000000000000e+05
5.666270000000000000e+05
5.660360000000000000e+05
5.654450000000000000e+05
5.648540000000000000e+05
5.642630000000000000e+05
5.636720000000000000e+05
5.630810000000000000e+05
5.624900000000000000e+05
5.618990000000000000e+05
5.613080000000000000e+05
5.607170000000000000e+05
5.601260000000000000e+05
5.595350000000000000e+05
5.589440000000000000e+05
5.583530000000000000e+05
5.577620000000000000e+05
5.571710000000000000e+05
5.565800000000000000e+05
5.559890000000000000e+05
5.553980000000000000e+05
5.548070000000000000e+05
5.542160000000000000e+05
5.536250000000000000e+05
5.530340000000000000e+05
5.524430000000000000e+05
5.518520000000000000e+05
5.512610000000000000e+05
5.506700000000000000e+05
5.500790000000000000e+05
5.494880000000000000e+05
5.488970000000000000e+05
5.483060000000000000e+05
5.477150000000000000e+05
5.471240000000000000e+05
5.465330000000000000e+05
5.459420000000000000e+05
5.453510000000000000e+05
5.447600000000000000e+05
5.441690000000000000e+05
5.435780000000000000e+05
5.429870000000000000e+05
5.423960000000000000e+05
5.418050000000000000e+05
5.412140000000000000e+05
5.406230000000000000e+05
5.400320000000000000e+05
5.394410000000000000e+05
5.388500000000000000e+05
5.382590000000000000e+05
5.376680000000000000e+05
5.370770000000000000e+05
5.364860000000000000e+05
5.358950000000000000e+05
5.353040000000000000e+05
5.347130000000000000e+05
5.341220000000000000e+05
5.335310000000000000e+05
5.329400000000000000e+05
5.323490000000000000e+05
5.317580000000000000e+05
5.311670000000000000e+05
5.305760000000000000e+05
5.299850000000000000e+05
5.293940000000000000e+05
5.288030000000000000e+05
5.282120000000000000e+05
5.276210000000000000e+05
5.270300000000000000e+05
5.264390000000000000e+05
5.258480000000000000e+05
5.252570000000000000e+05
5.246660000000000000e+05
5.240750000000000000e+05
5.234840000000000000e+05
5.228930000000000000e+05
5.223020000000000000e+05
5.217110000000000000e+05
5.211200000000000000e+05
5.205290000000000000e+05
5.199380000000000000e+05
5.193470000000000000e+05
5.187560000000000000e+05
5.181650000000000000e+05
5.175740000000000000e+05
5.169830000000000000e+05
5.163920000000000000e+05
5.158010000000000000e+05
5.152100000000000000e+05
5.146190000000000000e+05
5.140280000000000000e+05
5.134370000000000000e+05
5.128460000000000000e+05
5.122550000000000000e+05
5.116640000000000000e+05
5.110730000000000000e+05
5.104820000000000000e+05
5.098910000000000000e+05
5.093000000000000000e+05
5.087090000000000000e+05
5.081180000000000000e+05
5.075270000000000000e+05
5.069360000000000000e+05
5.063450000000000000e+05
5.057540000000000000e+05
5.051630000000000000e+05
5.045720000000000000e+05
5.039810000000000000e+05
5.033900000000000000e+05
5.027990000000000000e+05
5.022080000000000000e+05
5.016170000000000000e+05
5.010260000000000000e+05
5.004350000000000000e+05
4.998440000000000000e+05
4.992530000000000000e+05
4.986620000000000000e+05
4.980710000000000000e+05
4.974800000000000000e+05
4.968890000000000000e+05
4.962980000000000000e+05
4.957070000000000000e+05
4.951160000000000000e+05
4.945250000000000000e+05
4.939340000000000000e+05
4.933430000000000000e+05
4.927520000000000000e+05
4.921610000000000000e+05
4.915700000000000000e+05
4.909790000000000000e+05
4.903880000000000000e+05
4.897970000000000000e+05
4.892060000000000000e+05
4.886150000000000000e+05
4.880240000000000000e+05
4.874330000000000000e+05
4.868420000000000000e+05
4.862510000000000000e+05
4.856600000000000000e+05
4.850690000000000000e+05
4.844780000000000000e+05
4.838870000000000000e+05
4.832960000000000000e+05
4.827050000000000000e+05
4.821140000000000000e+05
4.815230000000000000e+05
4.809320000000000000e+05
4.803410000000000000e+05
4.797500000000000000e+05
4.791590000000000000e+05
4.785680000000000000e+05
4.779770000000000000e+05
4.773860000000000000e+05
4.767950000000000000e+05
4.762040000000000000e+05
4.756130000000000000e+05
4.750220000000000000e+05
4.744310000000000000e+05
4.738400000000000000e+05
4.732490000000000000e+05
4.726580000000000000e+05
4.720670000000000000e+05
4.714760000000000000e+05
4.708850000000000000e+05
4.702940000000000000e+05
4.697030000000000000e+05
4.691120000000000000e+05
4.685210000000000000e+05
4.679300000000000000e+05
4.673390000000000000e+05
4.667480000000000000e+05
4.661570000000000000e+05
4.655660000000000000e+05
4.649750000000000000e+05
4.643840000000000000e+05
4.637930000000000000e+05
4.632020000000000000e+05
4.626110000000000000e+05
4.620200000000000000e+05
4.614290000000000000e+05
4.608380000000000000e+05
4.602470000000000000e+05
4.596560000000000000e+05
4.590650000000000000e+05
4.584740000000000000e+05
4.578830000000000000e+05
4.572920000000000000e+05
4.567010000000000000e+05
4.561100000000000000e+05
4.555190000000000000e+05
4.549280000000000000e+05
4.543370000000000000e+05
4.537460000000000000e+05
4.531550000000000000e+05
4.525640000000000000e+05
4.519730000000000000e+05
4.513820000000000000e+05
4.507910000000000000e+05
4.502000000000000000e+05
4.496090000000000000e+05
4.490180000000000000e+05
4.484270000000000000e+05
4.478360000000000000e+05
4.472450000000000000e+05
4.466540000000000000e+05
4.460630000000000000e+05
4.454720000000000000e+05
4.448810000000000000e+05
4.442900000000000000e+05
4.436990000000000000e+05
4.431080000000000000e+05
4.425170000000000000e+05
4.419260000000000000e+05
4.413350000000000000e+05
4.407440000000000000e+05
4.401530000000000000e+05
4.395620000000000000e+05
4.389710000000000000e+05
4.383800000000000000e+05
4.377890000000000000e+05
4.371980000000000000e+05
4.366070000000000000e+05
4.360160000000000000e+05
4.354250000000000000e+05
4.348340000000000000e+05
4.342430000000000000e+05
4.336520000000000000e+05
4.330610000000000000e+05
4.324700000000000000e+05
4.318790000000000000e+05
4.312880000000000000e+05
4.306970000000000000e+05
4.301060000000000000e+05
4.295150000000000000e+05
4.289240000000000000e+05
4.283330000000000000e+05
4.277420000000000000e+05
4.271510000000000000e+05
4.265600000000000000e+05
4.259690000000000000e+05
4.253780000000000000e+05
4.247870000000000000e+05
4.241960000000000000e+05
4.236050000000000000e+05
4.230140000000000000e+05
4.224230000000000000e+05
4.218320000000000000e+05
4.212410000000000000e+05
4.206500000000000000e+05
4.200590000000000000e+05
4.194680000000000000e+05
4.188770000000000000e+05
4.182860000000000000e+05
4.176950000000000000e+05
4.171040000000000000e+05
4.165130000000000000e+05
4.159220000000000000e+05
4.153310000000000000e+05
4.147400000000000000e+05
4.141490000000000000e+05
4.135580000000000000e+05
4.129670000000000000e+05
4.123760000000000000e+05
4.117850000000000000e+05
4.111940000000000000e+05
4.106030000000000000e+05
4.100120000000000000e+05
4.094210000000000000e+05
4.088300000000000000e+05
4.082390000000000000e+05
4.076480000000000000e+05
4.070570000000000000e+05
4.064660000000000000e+05
4.058750000000000000e+05
4.052840000000000000e+05
4.046930000000000000e+05
4.041020000000000000e+05
4.035110000000000000e+05
4.029200000000000000e+05
4.023290000000000000e+05
4.017380000000000000e+05
4.011470000000000000e+05
4.005560000000000000e+05
3.999650000000000000e+05
3.993740000000000000e+05
3.987830000000000000e+05
3.981920000000000000e+05
3.976010000000000000e+05
3.970100000000000000e+05
3.964190000000000000e+05
3.958280000000000000e+05
3.952370000000000000e+05
3.946460000000000000e+05
3.940550000000000000e+05
3.934640000000000000e+05
3.928730000000000000e+05
3.922820000000000000e+05
3.916910000000000000e+05
3.911000000000000000e+05
3.905090000000000000e+05
3.899180000000000000e+05
3.893270000000000000e+05
3.887360000000000000e+05
3.881450000000000000e+05
3.875540000000000000e+05
3.869630000000000000e+05
3.863720000000000000e+05
3.857810000000000000e+05
3.851900000000000000e+05
3.845990000000000000e+05
3.840080000000000000e+05
3.834170000000000000e+05
3.828260000000000000e+05
3.822350000000000000e+05
3.816440000000000000e+05
3.810530000000000000e+05
3.804620000000000000e+05
3.798710000000000000e+05
3.792800000000000000e+05
3.786890000000000000e+05
3.780980000000000000e+05
3.775070000000000000e+05
3.769160000000000000e+05
3.763250000000000000e+05
3.757340000000000000e+05
3.751430000000000000e+05
3.745520000000000000e+05
3.739610000000000000e+05
3.733700000000000000e+05
3.727790000000000000e+05
3.721880000000000000e+05
3.715970000000000000e+05
3.710060000000000000e+05
3.704150000000000000e+05
3.698240000000000000e+05
3.692330000000000000e+05
3.686420000000000000e+05
3.680510000000000000e+05
3.674600000000000000e+05
3.668690000000000000e+05
3.662780000000000000e+05
3.656870000000000000e+05
3.650960000000000000e+05
3.645050000000000000e+05
3.639140000000000000e+05
3.633230000000000000e+05
3.627320000000000000e+05
3.621410000000000000e+05
3.615500000000000000e+05
3.609590000000000000e+05
3.603680000000000000e+05
3.597770000000000000e+05
3.591860000000000000e+05
3.585950000000000000e+05
3.580040000000000000e+05
3.574130000000000000e+05
3.568220000000000000e+05
3.562310000000000000e+05
3.556400000000000000e+05
3.550490000000000000e+05
3.544580000000000000e+05
3.538670000000000000e+05
3.532760000000000000e+05
3.526850000000000000e+05
3.520940000000000000e+05
3.515030000000000000e+05
3.509120000000000000e+05
3.503210000000000000e+05
3.497300000000000000e+05
3.491390000000000000e+05
3.485480000000000000e+05
3.479570000000000000e+05
3.473660000000000000e+05
3.467750000000000000e+05
3.461840000000000000e+05
3.455930000000000000e+05
3.450020000000000000e+05
3.444110000000000000e+05
3.438200000000000000e+05
3.432290000000000000e+05
3.426380000000000000e+05
3.420470000000000000e+05
3.414560000000000000e+05
3.408650000000000000e+05
3.402740000000000000e+05
3.396830000000000000e+05
3.390920000000000000e+05
3.385010000000000000e+05
3.379100000000000000e+05
3.373190000000000000e+05
3.367280000000000000e+05
3.361370000000000000e+05
3.355460000000000000e+05
3.349550000000000000e+05
3.343640000000000000e+05
3.337730000000000000e+05
3.331820000000000000e+05
3.325910000000000000e+05
3.320000000000000000e+05
3.314090000000000000e+05
3.308180000000000000e+05
3.302270000000000000e+05
3.296360000000000000e+05
3.290450000000000000e+05
3.284540000000000000e+05
3.278630000000000000e+05
3.272720000000000000e+05
3.266810000000000000e+05
3.260900000000000000e+05
3.254990000000000000e+05
3.249080000000000000e+05
3.243170000000000000e+05
3.237260000000000000e+05
3.231350000000000000e+05
3.225440000000000000e+05
3.219530000000000000e+05
3.213620000000000000e+05
3.207710000000000000e+05
3.201800000000000000e+05
3.195890000000000000e+05
3.189980000000000000e+05
3.184070000000000000e+05
3.178160000000000000e+05
3.172250000000000000e+05
3.166340000000000000e+05
3.160430000000000000e+05
3.154520000000000000e+05
3.148610000000000000e+05
3.142700000000000000e+05
3.136790000000000000e+05
3.130880000000000000e+05
3.124970000000000000e+05
3.119060000000000000e+05
3.113150000000000000e+05
3.107240000000000000e+05
3.101330000000000000e+05
3.095420000000000000e+05
3.089510000000000000e+05
3.083600000000000000e+05
3.077690000000000000e+05
3.071780000000000000e+05
3.065870000000000000e+05
3.059960000000000000e+05
3.054050000000000000e+05
3.048140000000000000e+05
3.042230000000000000e+05
3.036320000000000000e+05
3.030410000000000000e+05
3.024500000000000000e+05
3.018590000000000000e+05
3.012680000000000000e+05
3.006770000000000000e+05
3.000860000000000000e+05
2.994950000000000000e+05
2.989040000000000000e+05
2.983130000000000000e+05
2.977220000000000000e+05
2.971310000000000000e+05
2.965400000000000000e+05
2.959490000000000000e+05
2.953580000000000000e+05
2.947670000000000000e+05
2.941760000000000000e+05
2.935850000000000000e+05
2.929940000000000000e+05
2.924030000000000000e+05
2.918120000000000000e+05
2.912210000000000000e+05
2.906300000000000000e+05
2.900390000000000000e+05
2.894480000000000000e+05
2.888570000000000000e+05
2.882660000000000000e+05
2.876750000000000000e+05
2.870840000000000000e+05
2.864930000000000000e+05
2.859020000000000000e+05
2.853110000000000000e+05
2.847200000000000000e+05
2.841290000000000000e+05
2.835380000000000000e+05
2.829470000000000000e+05
2.823560000000000000e+05
2.817650000000000000e+05
2.811740000000000000e+05
2.805830000000000000e+05
2.799920000000000000e+05
2.794010000000000000e+05
2.788100000000000000e+05
2.782190000000000000e+05
2.776280000000000000e+05
2.770370000000000000e+05
2.764460000000000000e+05
2.758550000000000000e+05
2.752640000000000000e+05
2.746730000000000000e+05
2.740820000000000000e+05
2.734910000000000000e+05
2.729000000000000000e+05
2.723090000000000000e+05
2.717180000000000000e+05
2.711270000000000000e+05
2.705360000000000000e+05
2.699450000000000000e+05
2.693540000000000000e+05
2.687630000000000000e+05
2.681720000000000000e+05
2.675810000000000000e+05
2.669900000000000000e+05
2.663990000000000000e+05
2.658080000000000000e+05
2.652170000000000000e+05
2.646260000000000000e+05
2.640350000000000000e+05
2.634440000000000000e+05
2.628530000000000000e+05
2.622620000000000000e+05
2.616710000000000000e+05
2.610800000000000000e+05
2.604890000000000000e+05
2.598980000000000000e+05
2.593070000000000000e+05
2.587160000000000000e+05
2.581250000000000000e+05
2.575340000000000000e+05
2.569430000000000000e+05
2.563520000000000000e+05
2.557610000000000000e+05
2.551700000000000000e+05
2.545790000000000000e+05
2.539880000000000000e+05
2.533970000000000000e+05
2.528060000000000000e+05
2.522150000000000000e+05
2.516240000000000000e+05
2.510330000000000000e+05
2.504420000000000000e+05
2.498510000000000000e+05
2.492600000000000000e+05
2.486690000000000000e+05
2.480780000000000000e+05
2.474870000000000000e+05
2.468960000000000000e+05
2.463050000000000000e+05
2.457140000000000000e+05
2.451230000000000000e+05
2.445320000000000000e+05
2.439410000000000000e+05
2.433500000000000000e+05
2.427590000000000000e+05
2.421680000000000000e+05
2.415770000000000000e+05
2.409860000000000000e+05
2.403950000000000000e+05
2.398040000000000000e+05
2.392130000000000000e+05
2.386220000000000000e+05
2.380310000000000000e+05
2.374400000000000000e+05
2.368490000000000000e+05
2.362580000000000000e+05
2.356670000000000000e+05
2.350760000000000000e+05
2.344850000000000000e+05
2.338940000000000000e+05
2.333030000000000000e+05
2.327120000000000000e+05
2.321210000000000000e+05
2.315300000000000000e+05
2.309390000000000000e+05
2.303480000000000000e+05
2.297570000000000000e+05
2.291660000000000000e+05
2.285750000000000000e+05
2.279840000000000000e+05
2.273930000000000000e+05
2.268020000000000000e+05
2.262110000000000000e+05
2.256200000000000000e+05
2.250290000000000000e+05
2.244380000000000000e+05
2.238470000000000000e+05
2.232560000000000000e+05
2.226650000000000000e+05
2.220740000000000000e+05
2.214830000000000000e+05
2.208920000000000000e+05
2.203010000000000000e+05
2.197100000000000000e+05
2.191190000000000000e+05
2.185280000000000000e+05
2.179370000000000000e+05
2.173460000000000000e+05
2.167550000000000000e+05
2.161640000000000000e+05
2.155730000000000000e+05
2.149820000000000000e+05
2.143910000000000000e+05
2.138000000000000000e+05
2.132090000000000000e+05
2.126180000000000000e+05
2.120270000000000000e+05
2.114360000000000000e+05
2.108450000000000000e+05
2.102540000000000000e+05
2.096630000000000000e+05
2.090720000000000000e+05
2.084810000000000000e+05
2.078900000000000000e+05
2.072990000000000000e+05
2.067080000000000000e+05
2.061170000000000000e+05
2.055260000000000000e+05
2.049350000000000000e+05
2.043440000000000000e+05
2.037530000000000000e+05
2.031620000000000000e+05
2.025710000000000000e+05
2.019800000000000000e+05
2.013890000000000000e+05
2.007980000000000000e+05
2.002070000000000000e+05
1.996160000000000000e+05
1.990250000000000000e+05
1.984340000000000000e+05
1.978430000000000000e+05
1.972520000000000000e+05
1.966610000000000000e+05
1.960700000000000000e+05
1.954790000000000000e+05
1.948880000000000000e+05
1.942970000000000000e+05
1.937060000000000000e+05
1.931150000000000000e+05
1.925240000000000000e+05
1.919330000000000000e+05
1.913420000000000000e+05
1.907510000000000000e+05
1.901600000000000000e+05
1.895690000000000000e+05
1.889780000000000000e+05
1.883870000000000000e+05
1.877960000000000000e+05
1.872050000000000000e+05
1.866140000000000000e+05
1.860230000000000000e+05
1.854320000000000000e+05
1.848410000000000000e+05
1.842500000000000000e+05
1.836590000000000000e+05
1.830680000000000000e+05
1.824770000000000000e+05
1.818860000000000000e+05
1.812950000000000000e+05
1.807040000000000000e+05
1.801130000000000000e+05
1.795220000000000000e+05
1.789310000000000000e+05
1.783400000000000000e+05
1.777490000000000000e+05
1.771580000000000000e+05
1.765670000000000000e+05
1.759760000000000000e+05
1.753850000000000000e+05
1.747940000000000000e+05
1.742030000000000000e+05
1.736120000000000000e+05
1.730210000000000000e+05
1.724300000000000000e+05
1.718390000000000000e+05
1.712480000000000000e+05
1.706570000000000000e+05
1.700660000000000000e+05
1.694750000000000000e+05
1.688840000000000000e+05
1.682930000000000000e+05
1.677020000000000000e+05
1.671110000000000000e+05
1.665200000000000000e+05
1.659290000000000000e+05
1.653380000000000000e+05
1.647470000000000000e+05
1.641560000000000000e+05
1.635650000000000000e+05
1.629740000000000000e+05
1.623830000000000000e+05
1.617920000000000000e+05
1.612010000000000000e+05
1.606100000000000000e+05
1.600190000000000000e+05
1.594280000000000000e+05
1.588370000000000000e+05
1.582460000000000000e+05
1.576550000000000000e+05
1.570640000000000000e+05
1.564730000000000000e+05
1.558820000000000000e+05
1.552910000000000000e+05
1.547000000000000000e+05
1.541090000000000000e+05
1.535180000000000000e+05
1.529270000000000000e+05
1.523360000000000000e+05
1.517450000000000000e+05
1.511540000000000000e+05
1.505630000000000000e+05
1.499720000000000000e+05
1.493810000000000000e+05
1.487900000000000000e+05
1.481990000000000000e+05
1.476080000000000000e+05
1.470170000000000000e+05
1.464260000000000000e+05
1.458350000000000000e+05
1.452440000000000000e+05
1.446530000000000000e+05
1.440620000000000000e+05
1.434710000000000000e+05
1.428800000000000000e+05
1.422890000000000000e+05
1.416980000000000000e+05
1.411070000000000000e+05
1.405160000000000000e+05
1.399250000000000000e+05
1.393340000000000000e+05
1.387430000000000000e+05
1.381520000000000000e+05
1.375610000000000000e+05
1.369700000000000000e+05
1.363790000000000000e+05
1.357880000000000000e+05
1.351970000000000000e+05
1.346060000000000000e+05
1.340150000000000000e+05
1.334240000000000000e+05
1.328330000000000000e+05
1.322420000000000000e+05
1.316510000000000000e+05
1.310600000000000000e+05
1.304690000000000000e+05
1.298780000000000000e+05
1.292870000000000000e+05
1.286960000000000000e+05
1.281050000000000000e+05
1.275140000000000000e+05
1.269230000000000000e+05
1.263320000000000000e+05
1.257410000000000000e+05
1.251500000000000000e+05
1.245590000000000000e+05
1.239680000000000000e+05
1.233770000000000000e+05
1.227860000000000000e+05
1.221950000000000000e+05
1.216040000000000000e+05
1.210130000000000000e+05
1.204220000000000000e+05
1.198310000000000000e+05
1.192400000000000000e+05
1.186490000000000000e+05
1.180580000000000000e+05
1.174670000000000000e+05
1.168760000000000000e+05
1.162850000000000000e+05
1.156940000000000000e+05
1.151030000000000000e+05
1.145120000000000000e+05
1.139210000000000000e+05
1.133300000000000000e+05
1.127390000000000000e+05
1.121480000000000000e+05
1.115570000000000000e+05
1.109660000000000000e+05
1.103750000000000000e+05
1.097840000000000000e+05
1.091930000000000000e+05
1.086020000000000000e+05
1.080110000000000000e+05
1.074200000000000000e+05
1.068290000000000000e+05
1.062380000000000000e+05
1.056470000000000000e+05
1.050560000000000000e+05
1.044650000000000000e+05
1.038740000000000000e+05
1.032830000000000000e+05
1.026920000000000000e+05
1.021010000000000000e+05
1.015100000000000000e+05
1.009190000000000000e+05
1.003280000000000000e+05
9.973700000000000000e+04
9.914600000000000000e+04
9.855500000000000000e+04
9.796400000000000000e+04
9.737300000000000000e+04
9.678200000000000000e+04
9.619100000000000000e+04
9.560000000000000000e+04
9.500900000000000000e+04
9.441800000000000000e+04
9.382700000000000000e+04
9.323600000000000000e+04
9.264500000000000000e+04
9.205400000000000000e+04
9.146300000000000000e+04
9.087200000000000000e+04
9.028100000000000000e+04
8.969000000000000000e+04
8.909900000000000000e+04
8.850800000000000000e+04
8.791700000000000000e+04
8.732600000000000000e+04
8.673500000000000000e+04
8.614400000000000000e+04
8.555300000000000000e+04
8.496200000000000000e+04
8.437100000000000000e+04
8.378000000000000000e+04
8.318900000000000000e+04
8.259800000000000000e+04
8.200700000000000000e+04
8.141600000000000000e+04
8.082500000000000000e+04
8.023400000000000000e+04
7.964300000000000000e+04
7.905200000000000000e+04
7.846100000000000000e+04
7.787000000000000000e+04
7.727900000000000000e+04
7.668800000000000000e+04
7.609700000000000000e+04
7.550600000000000000e+04
7.491500000000000000e+04
7.432400000000000000e+04
7.373300000000000000e+04
7.314200000000000000e+04
7.255100000000000000e+04
7.196000000000000000e+04
7.136900000000000000e+04
7.077800000000000000e+04
7.018700000000000000e+04
6.959600000000000000e+04
6.900500000000000000e+04
6.841400000000000000e+04
6.782300000000000000e+04
6.723200000000000000e+04
6.664100000000000000e+04
6.605000000000000000e+04
6.545900000000000000e+04
6.486800000000000000e+04
6.427700000000000000e+04
6.368600000000000000e+04
6.309500000000000000e+04
6.250400000000000000e+04
6.191300000000000000e+04
6.132200000000000000e+04
6.073100000000000000e+04
6.014000000000000000e+04
5.954900000000000000e+04
5.895800000000000000e+04
5.836700000000000000e+04
5.777600000000000000e+04
5.718500000000000000e+04
5.659400000000000000e+04
5.600300000000000000e+04
5.541200000000000000e+04
5.482100000000000000e+04
5.423000000000000000e+04
5.363900000000000000e+04
5.304800000000000000e+04
5.245700000000000000e+04
5.186600000000000000e+04
5.127500000000000000e+04
5.068400000000000000e+04
5.009300000000000000e+04
4.950200000000000000e+04
4.891100000000000000e+04
4.832000000000000000e+04
4.772900000000000000e+04
4.713800000000000000e+04
4.654700000000000000e+04
4.595600000000000000e+04
4.536500000000000000e+04
4.477400000000000000e+04
4.418300000000000000e+04
4.359200000000000000e+04
4.300100000000000000e+04
4.241000000000000000e+04
4.181900000000000000e+04
4.122800000000000000e+04
4.063700000000000000e+04
4.004600000000000000e+04
3.945500000000000000e+04
3.886400000000000000e+04
3.827300000000000000e+04
3.768200000000000000e+04
3.709100000000000000e+04
3.650000000000000000e+04
3.590900000000000000e+04
3.531800000000000000e+04
3.472700000000000000e+04
3.413600000000000000e+04
3.354500000000000000e+04
3.295400000000000000e+04
3.236300000000000000e+04
3.177200000000000000e+04
3.118100000000000000e+04
3.059000000000000000e+04
2.999900000000000000e+04
2.940800000000000000e+04
2.881700000000000000e+04
2.822600000000000000e+04
2.763500000000000000e+04
2.704400000000000000e+04
2.645300000000000000e+04
2.586200000000000000e+04
2.527100000000000000e+04
2.468000000000000000e+04
2.408900000000000000e+04
2.349800000000000000e+04
2.290700000000000000e+04
2.231600000000000000e+04
2.172500000000000000e+04
2.113400000000000000e+04
2.054300000000000000e+04
1.995200000000000000e+04
1.936100000000000000e+04
1.877000000000000000e+04
1.817900000000000000e+04
1.758800000000000000e+04
1.699700000000000000e+04
1.640600000000000000e+04
1.581500000000000000e+04
1.522400000000000000e+04
1.463300000000000000e+04
1.404200000000000000e+04
1.345100000000000000e+04
1.286000000000000000e+04
1.226900000000000000e+04
1.167800000000000000e+04
1.108700000000000000e+04
1.049600000000000000e+04
9.905000000000000000e+03
9.314000000000000000e+03
8.723000000000000000e+03
8.132000000000000000e+03
7.541000000000000000e+03
6.950000000000000000e+03
6.359000000000000000e+03
5.768000000000000000e+03
5.177000000000000000e+03
4.586000000000000000e+03
3.995000000000000000e+03
3.404000000000000000e+03
2.813000000000000000e+03
2.222000000000000000e+03
1.631000000000000000e+03
1.040000000000000000e+03
4.490000000000000000e+02
-1.420000000000000000e+02
-7.330000000000000000e+02
-1.324000000000000000e+03
-1.915000000000000000e+03
-2.506000000000000000e+03
-3.097000000000000000e+03
-3.688000000000000000e+03
-4.279000000000000000e+03
-4.870000000000000000e+03
-5.461000000000000000e+03
-6.052000000000000000e+03
-6.643000000000000000e+03
-7.234000000000000000e+03
-7.825000000000000000e+03
-8.416000000000000000e+03
-9.007000000000000000e+03
-9.598000000000000000e+03
-1.018900000000000000e+04
-1.078000000000000000e+04
-1.137100000000000000e+04
-1.196200000000000000e+04
-1.255300000000000000e+04
-1.314400000000000000e+04
-1.373500000000000000e+04
-1.432600000000000000e+04
-1.491700000000000000e+04
-1.550800000000000000e+04
-1.609900000000000000e+04
-1.669000000000000000e+04
-1.728100000000000000e+04
-1.787200000000000000e+04
-1.846300000000000000e+04
-1.905400000000000000e+04
-1.964500000000000000e+04
-2.023600000000000000e+04
-2.082700000000000000e+04
-2.141800000000000000e+04
-2.200900000000000000e+04
-2.260000000000000000e+04
-2.319100000000000000e+04
-2.378200000000000000e+04
-2.437300000000000000e+04
-2.496400000000000000e+04
-2.555500000000000000e+04
-2.614600000000000000e+04
-2.673700000000000000e+04
-2.732800000000000000e+04
-2.791900000000000000e+04
-2.851000000000000000e+04
-2.910100000000000000e+04
-2.969200000000000000e+04
-3.028300000000000000e+04
-3.087400000000000000e+04
-3.146500000000000000e+04
-3.205600000000000000e+04
-3.264700000000000000e+04
-3.323800000000000000e+04
-3.382900000000000000e+04
-3.442000000000000000e+04
-3.501100000000000000e+04
-3.560200000000000000e+04
-3.619300000000000000e+04
-3.678400000000000000e+04
-3.737500000000000000e+04
-3.796600000000000000e+04
-3.855700000000000000e+04
-3.914800000000000000e+04
-3.973900000000000000e+04
-4.033000000000000000e+04
-4.092100000000000000e+04
-4.151200000000000000e+04
-4.210300000000000000e+04
-4.269400000000000000e+04
-4.328500000000000000e+04
-4.387600000000000000e+04
-4.446700000000000000e+04
-4.505800000000000000e+04
-4.564900000000000000e+04
-4.624000000000000000e+04
-4.683100000000000000e+04
-4.742200000000000000e+04
-4.801300000000000000e+04
-4.860400000000000000e+04
-4.919500000000000000e+04
-4.978600000000000000e+04
-5.037700000000000000e+04
-5.096800000000000000e+04
-5.155900000000000000e+04
-5.215000000000000000e+04
-5.274100000000000000e+04
-5.333200000000000000e+04
-5.392300000000000000e+04
-5.451400000000000000e+04
-5.510500000000000000e+04
-5.569600000000000000e+04
-5.628700000000000000e+04
-5.687800000000000000e+04
-5.746900000000000000e+04
-5.806000000000000000e+04
-5.865100000000000000e+04
-5.924200000000000000e+04
-5.983300000000000000e+04
-6.042400000000000000e+04
-6.101500000000000000e+04
-6.160600000000000000e+04
-6.219700000000000000e+04
-6.278800000000000000e+04
-6.337900000000000000e+04
-6.397000000000000000e+04
-6.456100000000000000e+04
-6.515200000000000000e+04
-6.574300000000000000e+04
-6.633400000000000000e+04
-6.692500000000000000e+04
-6.751600000000000000e+04
-6.810700000000000000e+04
-6.869800000000000000e+04
-6.928900000000000000e+04
-6.988000000000000000e+04
-7.047100000000000000e+04
-7.106200000000000000e+04
-7.165300000000000000e+04
-7.224400000000000000e+04
-7.283500000000000000e+04
-7.342600000000000000e+04
-7.401700000000000000e+04
-7.460800000000000000e+04
-7.519900000000000000e+04
-7.579000000000000000e+04
-7.638100000000000000e+04
-7.697200000000000000e+04
-7.756300000000000000e+04
-7.815400000000000000e+04
-7.874500000000000000e+04
-7.933600000000000000e+04
-7.992700000000000000e+04
-8.051800000000000000e+04
-8.110900000000000000e+04
-8.170000000000000000e+04
-8.229100000000000000e+04
-8.288200000000000000e+04
-8.347300000000000000e+04
-8.406400000000000000e+04
-8.465500000000000000e+04
-8.524600000000000000e+04
-8.583700000000000000e+04
-8.642800000000000000e+04
-8.701900000000000000e+04
-8.761000000000000000e+04
-8.820100000000000000e+04
-8.879200000000000000e+04
-8.938300000000000000e+04
-8.997400000000000000e+04
-9.056500000000000000e+04
-9.115600000000000000e+04
-9.174700000000000000e+04
-9.233800000000000000e+04
-9.292900000000000000e+04
-9.352000000000000000e+04
-9.411100000000000000e+04
-9.470200000000000000e+04
-9.529300000000000000e+04
-9.588400000000000000e+04
-9.647500000000000000e+04
-9.706600000000000000e+04
-9.765700000000000000e+04
-9.824800000000000000e+04
-9.883900000000000000e+04
-9.943000000000000000e+04
-1.000210000000000000e+05
-1.006120000000000000e+05
-1.012030000000000000e+05
-1.017940000000000000e+05
-1.023850000000000000e+05
-1.029760000000000000e+05
-1.035670000000000000e+05
-1.041580000000000000e+05
-1.047490000000000000e+05
-1.053400000000000000e+05
-1.059310000000000000e+05
-1.065220000000000000e+05
-1.071130000000000000e+05
-1.077040000000000000e+05
-1.082950000000000000e+05
-1.088860000000000000e+05
-1.094770000000000000e+05
-1.100680000000000000e+05
-1.106590000000000000e+05
-1.112500000000000000e+05
-1.118410000000000000e+05
-1.124320000000000000e+05
-1.130230000000000000e+05
-1.136140000000000000e+05
-1.142050000000000000e+05
-1.147960000000000000e+05
-1.153870000000000000e+05
-1.159780000000000000e+05
-1.165690000000000000e+05
-1.171600000000000000e+05
-1.177510000000000000e+05
-1.183420000000000000e+05
-1.189330000000000000e+05
-1.195240000000000000e+05
-1.201150000000000000e+05
-1.207060000000000000e+05
-1.212970000000000000e+05
-1.218880000000000000e+05
-1.224790000000000000e+05
-1.230700000000000000e+05
-1.236610000000000000e+05
-1.242520000000000000e+05
-1.248430000000000000e+05
-1.254340000000000000e+05
-1.260250000000000000e+05
-1.266160000000000000e+05
-1.272070000000000000e+05
-1.277980000000000000e+05
-1.283890000000000000e+05
-1.289800000000000000e+05
-1.295710000000000000e+05
-1.301620000000000000e+05
-1.307530000000000000e+05
-1.313440000000000000e+05
-1.319350000000000000e+05
-1.325260000000000000e+05
-1.331170000000000000e+05
-1.337080000000000000e+05
-1.342990000000000000e+05
-1.348900000000000000e+05
-1.354810000000000000e+05
-1.360720000000000000e+05
-1.366630000000000000e+05
-1.372540000000000000e+05
-1.378450000000000000e+05
-1.384360000000000000e+05
-1.390270000000000000e+05
-1.396180000000000000e+05
-1.402090000000000000e+05
-1.408000000000000000e+05
-1.413910000000000000e+05
-1.419820000000000000e+05
-1.425730000000000000e+05
-1.431640000000000000e+05
-1.437550000000000000e+05
-1.443460000000000000e+05
-1.449370000000000000e+05
-1.455280000000000000e+05
-1.461190000000000000e+05
-1.467100000000000000e+05
-1.473010000000000000e+05
-1.478920000000000000e+05
-1.484830000000000000e+05
-1.490740000000000000e+05
-1.496650000000000000e+05
-1.502560000000000000e+05
-1.508470000000000000e+05
-1.514380000000000000e+05
-1.520290000000000000e+05
-1.526200000000000000e+05
-1.532110000000000000e+05
-1.538020000000000000e+05
-1.543930000000000000e+05
-1.549840000000000000e+05
-1.555750000000000000e+05
-1.561660000000000000e+05
-1.567570000000000000e+05
-1.573480000000000000e+05
-1.579390000000000000e+05
-1.585300000000000000e+05
-1.591210000000000000e+05
-1.597120000000000000e+05
-1.603030000000000000e+05
-1.608940000000000000e+05
-1.614850000000000000e+05
-1.620760000000000000e+05
-1.626670000000000000e+05
-1.632580000000000000e+05
-1.638490000000000000e+05
-1.644400000000000000e+05
-1.650310000000000000e+05
-1.656220000000000000e+05
-1.662130000000000000e+05
-1.668040000000000000e+05
-1.673950000000000000e+05
-1.679860000000000000e+05
-1.685770000000000000e+05
-1.691680000000000000e+05
-1.697590000000000000e+05
-1.703500000000000000e+05
-1.709410000000000000e+05
-1.715320000000000000e+05
-1.721230000000000000e+05
-1.727140000000000000e+05
-1.733050000000000000e+05
-1.738960000000000000e+05
-1.744870000000000000e+05
-1.750780000000000000e+05
-1.756690000000000000e+05
-1.762600000000000000e+05
-1.768510000000000000e+05
-1.774420000000000000e+05
-1.780330000000000000e+05
-1.786240000000000000e+05
-1.792150000000000000e+05
-1.798060000000000000e+05
-1.803970000000000000e+05
-1.809880000000000000e+05
-1.815790000000000000e+05
-1.821700000000000000e+05
-1.827610000000000000e+05
-1.833520000000000000e+05
-1.839430000000000000e+05
-1.845340000000000000e+05
-1.851250000000000000e+05
-1.857160000000000000e+05
-1.863070000000000000e+05
-1.868980000000000000e+05
-1.874890000000000000e+05
-1.880800000000000000e+05
-1.886710000000000000e+05
-1.892620000000000000e+05
-1.898530000000000000e+05
-1.904440000000000000e+05
-1.910350000000000000e+05
-1.916260000000000000e+05
-1.922170000000000000e+05
-1.928080000000000000e+05
-1.933990000000000000e+05
-1.939900000000000000e+05
-1.945810000000000000e+05
-1.951720000000000000e+05
-1.957630000000000000e+05
-1.963540000000000000e+05
-1.969450000000000000e+05
-1.975360000000000000e+05
-1.981270000000000000e+05
-1.987180000000000000e+05
-1.993090000000000000e+05
-1.999000000000000000e+05
-2.004910000000000000e+05
-2.010820000000000000e+05
-2.016730000000000000e+05
-2.022640000000000000e+05
-2.028550000000000000e+05
-2.034460000000000000e+05
-2.040370000000000000e+05
-2.046280000000000000e+05
-2.052190000000000000e+05
-2.058100000000000000e+05
-2.064010000000000000e+05
-2.069920000000000000e+05
-2.075830000000000000e+05
-2.081740000000000000e+05
-2.087650000000000000e+05
-2.093560000000000000e+05
-2.099470000000000000e+05
-2.105380000000000000e+05
-2.111290000000000000e+05
-2.117200000000000000e+05
-2.123110000000000000e+05
-2.129020000000000000e+05
-2.134930000000000000e+05
-2.140840000000000000e+05
-2.146750000000000000e+05
-2.152660000000000000e+05
-2.158570000000000000e+05
-2.164480000000000000e+05
-2.170390000000000000e+05
-2.176300000000000000e+05
-2.182210000000000000e+05
-2.188120000000000000e+05
-2.194030000000000000e+05
-2.199940000000000000e+05
-2.205850000000000000e+05
-2.211760000000000000e+05
-2.217670000000000000e+05
-2.223580000000000000e+05
-2.229490000000000000e+05
-2.235400000000000000e+05
-2.241310000000000000e+05
-2.247220000000000000e+05
-2.253130000000000000e+05
-2.259040000000000000e+05
-2.264950000000000000e+05
-2.270860000000000000e+05
-2.276770000000000000e+05
-2.282680000000000000e+05
-2.288590000000000000e+05
-2.294500000000000000e+05
-2.300410000000000000e+05
-2.306320000000000000e+05
-2.312230000000000000e+05
-2.318140000000000000e+05
-2.324050000000000000e+05
-2.329960000000000000e+05
-2.335870000000000000e+05
-2.341780000000000000e+05
-2.347690000000000000e+05
-2.353600000000000000e+05
-2.359510000000000000e+05
-2.365420000000000000e+05
-2.371330000000000000e+05
-2.377240000000000000e+05
-2.383150000000000000e+05
-2.389060000000000000e+05
-2.394970000000000000e+05
-2.400880000000000000e+05
-2.406790000000000000e+05
-2.412700000000000000e+05
-2.418610000000000000e+05
-2.424520000000000000e+05
-2.430430000000000000e+05
-2.436340000000000000e+05
-2.442250000000000000e+05
-2.448160000000000000e+05
-2.454070000000000000e+05
-2.459980000000000000e+05
-2.465890000000000000e+05
-2.471800000000000000e+05
-2.477710000000000000e+05
-2.483620000000000000e+05
-2.489530000000000000e+05
-2.495440000000000000e+05
-2.501350000000000000e+05
-2.507260000000000000e+05
-2.513170000000000000e+05
-2.519080000000000000e+05
-2.524990000000000000e+05
-2.530900000000000000e+05
-2.536810000000000000e+05
-2.542720000000000000e+05
-2.548630000000000000e+05
-2.554540000000000000e+05
-2.560450000000000000e+05
-2.566360000000000000e+05
-2.572270000000000000e+05
-2.578180000000000000e+05
-2.584090000000000000e+05
-2.590000000000000000e+05
-2.595910000000000000e+05
-2.601820000000000000e+05
-2.607730000000000000e+05
-2.613640000000000000e+05
-2.619550000000000000e+05
-2.625460000000000000e+05
-2.631370000000000000e+05
-2.637280000000000000e+05
-2.643190000000000000e+05
-2.649100000000000000e+05
-2.655010000000000000e+05
-2.660920000000000000e+05
-2.666830000000000000e+05
-2.672740000000000000e+05
-2.678650000000000000e+05
-2.684560000000000000e+05
-2.690470000000000000e+05
-2.696380000000000000e+05
-2.702290000000000000e+05
-2.708200000000000000e+05
-2.714110000000000000e+05
-2.720020000000000000e+05
-2.725930000000000000e+05
-2.731840000000000000e+05
-2.737750000000000000e+05
-2.743660000000000000e+05
-2.749570000000000000e+05
-2.755480000000000000e+05
-2.761390000000000000e+05
-2.767300000000000000e+05
-2.773210000000000000e+05
-2.779120000000000000e+05
-2.785030000000000000e+05
-2.790940000000000000e+05
-2.796850000000000000e+05
-2.802760000000000000e+05
-2.808670000000000000e+05
-2.814580000000000000e+05
-2.820490000000000000e+05
-2.826400000000000000e+05
-2.832310000000000000e+05
-2.838220000000000000e+05
-2.844130000000000000e+05
-2.850040000000000000e+05
-2.855950000000000000e+05
-2.861860000000000000e+05
-2.867770000000000000e+05
-2.873680000000000000e+05
-2.879590000000000000e+05
-2.885500000000000000e+05
-2.891410000000000000e+05
-2.897320000000000000e+05
-2.903230000000000000e+05
-2.909140000000000000e+05
-2.915050000000000000e+05
-2.920960000000000000e+05
-2.926870000000000000e+05
-2.932780000000000000e+05
-2.938690000000000000e+05
-2.944600000000000000e+05
-2.950510000000000000e+05
-2.956420000000000000e+05
-2.962330000000000000e+05
-2.968240000000000000e+05
-2.974150000000000000e+05
-2.980060000000000000e+05
-2.985970000000000000e+05
-2.991880000000000000e+05
-2.997790000000000000e+05
-3.003700000000000000e+05
-3.009610000000000000e+05
-3.015520000000000000e+05
-3.021430000000000000e+05
-3.027340000000000000e+05
-3.033250000000000000e+05
-3.039160000000000000e+05
-3.045070000000000000e+05
-3.050980000000000000e+05
-3.056890000000000000e+05
-3.062800000000000000e+05
-3.068710000000000000e+05
-3.074620000000000000e+05
-3.080530000000000000e+05
-3.086440000000000000e+05
-3.092350000000000000e+05
-3.098260000000000000e+05
-3.104170000000000000e+05
-3.110080000000000000e+05
-3.115990000000000000e+05
-3.121900000000000000e+05
-3.127810000000000000e+05
-3.133720000000000000e+05
-3.139630000000000000e+05
-3.145540000000000000e+05
-3.151450000000000000e+05
-3.157360000000000000e+05
-3.163270000000000000e+05
-3.169180000000000000e+05
-3.175090000000000000e+05
-3.181000000000000000e+05
-3.186910000000000000e+05
-3.192820000000000000e+05
-3.198730000000000000e+05
-3.204640000000000000e+05
-3.210550000000000000e+05
-3.216460000000000000e+05
-3.222370000000000000e+05
-3.228280000000000000e+05
-3.234190000000000000e+05
-3.240100000000000000e+05
-3.246010000000000000e+05
-3.251920000000000000e+05
-3.257830000000000000e+05
-3.263740000000000000e+05
-3.269650000000000000e+05
-3.275560000000000000e+05
-3.281470000000000000e+05
-3.287380000000000000e+05
-3.293290000000000000e+05
-3.299200000000000000e+05
-3.305110000000000000e+05
-3.311020000000000000e+05
-3.316930000000000000e+05
-3.322840000000000000e+05
-3.328750000000000000e+05
-3.334660000000000000e+05
-3.340570000000000000e+05
-3.346480000000000000e+05
-3.352390000000000000e+05
-3.358300000000000000e+05
-3.364210000000000000e+05
-3.370120000000000000e+05
-3.376030000000000000e+05
-3.381940000000000000e+05
-3.387850000000000000e+05
-3.393760000000000000e+05
-3.399670000000000000e+05
-3.405580000000000000e+05
-3.411490000000000000e+05
-3.417400000000000000e+05
-3.423310000000000000e+05
-3.429220000000000000e+05
-3.435130000000000000e+05
-3.441040000000000000e+05
-3.446950000000000000e+05
-3.452860000000000000e+05
-3.458770000000000000e+05
-3.464680000000000000e+05
-3.470590000000000000e+05
-3.476500000000000000e+05
-3.482410000000000000e+05
-3.488320000000000000e+05
-3.494230000000000000e+05
-3.500140000000000000e+05
-3.506050000000000000e+05
-3.511960000000000000e+05
-3.517870000000000000e+05
-3.523780000000000000e+05
-3.529690000000000000e+05
-3.535600000000000000e+05
-3.541510000000000000e+05
-3.547420000000000000e+05
-3.553330000000000000e+05
-3.559240000000000000e+05
-3.565150000000000000e+05
-3.571060000000000000e+05
-3.576970000000000000e+05
-3.582880000000000000e+05
-3.588790000000000000e+05
-3.594700000000000000e+05
-3.600610000000000000e+05
-3.606520000000000000e+05
-3.612430000000000000e+05
-3.618340000000000000e+05
-3.624250000000000000e+05
-3.630160000000000000e+05
-3.636070000000000000e+05
-3.641980000000000000e+05
-3.647890000000000000e+05
-3.653800000000000000e+05
-3.659710000000000000e+05
-3.665620000000000000e+05
-3.671530000000000000e+05
-3.677440000000000000e+05
-3.683350000000000000e+05
-3.689260000000000000e+05
-3.695170000000000000e+05
-3.701080000000000000e+05
-3.706990000000000000e+05
-3.712900000000000000e+05
-3.718810000000000000e+05
-3.724720000000000000e+05
-3.730630000000000000e+05
-3.736540000000000000e+05
-3.742450000000000000e+05
-3.748360000000000000e+05
-3.754270000000000000e+05
-3.760180000000000000e+05
-3.766090000000000000e+05
-3.772000000000000000e+05
-3.777910000000000000e+05
-3.783820000000000000e+05
-3.789730000000000000e+05
-3.795640000000000000e+05
-3.801550000000000000e+05
-3.807460000000000000e+05
-3.813370000000000000e+05
-3.819280000000000000e+05
-3.825190000000000000e+05
-3.831100000000000000e+05
-3.837010000000000000e+05
-3.842920000000000000e+05
-3.848830000000000000e+05
-3.854740000000000000e+05
-3.860650000000000000e+05
-3.866560000000000000e+05
-3.872470000000000000e+05
-3.878380000000000000e+05
-3.884290000000000000e+05
-3.890200000000000000e+05
-3.896110000000000000e+05
-3.902020000000000000e+05
-3.907930000000000000e+05
-3.913840000000000000e+05
-3.919750000000000000e+05
-3.925660000000000000e+05
-3.931570000000000000e+05
-3.937480000000000000e+05
-3.943390000000000000e+05
-3.949300000000000000e+05
-3.955210000000000000e+05
-3.961120000000000000e+05
-3.967030000000000000e+05
-3.972940000000000000e+05
-3.978850000000000000e+05
-3.984760000000000000e+05
-3.990670000000000000e+05
-3.996580000000000000e+05
-4.002490000000000000e+05
-4.008400000000000000e+05
-4.014310000000000000e+05
-4.020220000000000000e+05
-4.026130000000000000e+05
-4.032040000000000000e+05
-4.037950000000000000e+05
-4.043860000000000000e+05
-4.049770000000000000e+05
-4.055680000000000000e+05
-4.061590000000000000e+05
-4.067500000000000000e+05
-4.073410000000000000e+05
-4.079320000000000000e+05
-4.085230000000000000e+05
-4.091140000000000000e+05
-4.097050000000000000e+05
-4.102960000000000000e+05
-4.108870000000000000e+05
-4.114780000000000000e+05
-4.120690000000000000e+05
-4.126600000000000000e+05
-4.132510000000000000e+05
-4.138420000000000000e+05
-4.144330000000000000e+05
-4.150240000000000000e+05
-4.156150000000000000e+05
-4.162060000000000000e+05
-4.167970000000000000e+05
-4.173880000000000000e+05
-4.179790000000000000e+05
-4.185700000000000000e+05
-4.191610000000000000e+05
-4.197520000000000000e+05
-4.203430000000000000e+05
-4.209340000000000000e+05
-4.215250000000000000e+05
-4.221160000000000000e+05
-4.227070000000000000e+05
-4.232980000000000000e+05
-4.238890000000000000e+05
-4.244800000000000000e+05
-4.250710000000000000e+05
-4.256620000000000000e+05
-4.262530000000000000e+05
-4.268440000000000000e+05
-4.274350000000000000e+05
-4.280260000000000000e+05
-4.286170000000000000e+05
-4.292080000000000000e+05
-4.297990000000000000e+05
-4.303900000000000000e+05
-4.309810000000000000e+05
-4.315720000000000000e+05
-4.321630000000000000e+05
-4.327540000000000000e+05
-4.333450000000000000e+05
-4.339360000000000000e+05
-4.345270000000000000e+05
-4.351180000000000000e+05
-4.357090000000000000e+05
-4.363000000000000000e+05
-4.368910000000000000e+05
-4.374820000000000000e+05
-4.380730000000000000e+05
-4.386640000000000000e+05
-4.392550000000000000e+05
-4.398460000000000000e+05
-4.404370000000000000e+05
-4.410280000000000000e+05
-4.416190000000000000e+05
-4.422100000000000000e+05
-4.428010000000000000e+05
-4.433920000000000000e+05
-4.439830000000000000e+05
-4.445740000000000000e+05
-4.451650000000000000e+05
-4.457560000000000000e+05
-4.463470000000000000e+05
-4.469380000000000000e+05
-4.475290000000000000e+05
-4.481200000000000000e+05
-4.487110000000000000e+05
-4.493020000000000000e+05
-4.498930000000000000e+05
-4.504840000000000000e+05
-4.510750000000000000e+05
-4.516660000000000000e+05
-4.522570000000000000e+05
-4.528480000000000000e+05
-4.534390000000000000e+05
-4.540300000000000000e+05
-4.546210000000000000e+05
-4.552120000000000000e+05
-4.558030000000000000e+05
-4.563940000000000000e+05
-4.569850000000000000e+05
-4.575760000000000000e+05
-4.581670000000000000e+05
-4.587580000000000000e+05
-4.593490000000000000e+05
-4.599400000000000000e+05
-4.605310000000000000e+05
-4.611220000000000000e+05
-4.617130000000000000e+05
-4.623040000000000000e+05
-4.628950000000000000e+05
-4.634860000000000000e+05
-4.640770000000000000e+05
-4.646680000000000000e+05
-4.652590000000000000e+05
-4.658500000000000000e+05
-4.664410000000000000e+05
-4.670320000000000000e+05
-4.676230000000000000e+05
-4.682140000000000000e+05
-4.688050000000000000e+05
-4.693960000000000000e+05
-4.699870000000000000e+05
-4.705780000000000000e+05
-4.711690000000000000e+05
-4.717600000000000000e+05
-4.723510000000000000e+05
-4.729420000000000000e+05
-4.735330000000000000e+05
-4.741240000000000000e+05
-4.747150000000000000e+05
-4.753060000000000000e+05
-4.758970000000000000e+05
-4.764880000000000000e+05
-4.770790000000000000e+05
-4.776700000000000000e+05
-4.782610000000000000e+05
-4.788520000000000000e+05
-4.794430000000000000e+05
-4.800340000000000000e+05
-4.806250000000000000e+05
-4.812160000000000000e+05
-4.818070000000000000e+05
-4.823980000000000000e+05
-4.829890000000000000e+05
-4.835800000000000000e+05
-4.841710000000000000e+05
-4.847620000000000000e+05
-4.853530000000000000e+05
-4.859440000000000000e+05
-4.865350000000000000e+05
-4.871260000000000000e+05
-4.877170000000000000e+05
-4.883080000000000000e+05
-4.888990000000000000e+05
-4.894900000000000000e+05
-4.900810000000000000e+05
-4.906720000000000000e+05
-4.912630000000000000e+05
-4.918540000000000000e+05
-4.924450000000000000e+05
-4.930360000000000000e+05
-4.936270000000000000e+05
-4.942180000000000000e+05
-4.948090000000000000e+05
-4.954000000000000000e+05
-4.959910000000000000e+05
-4.965820000000000000e+05
-4.971730000000000000e+05
-4.977640000000000000e+05
-4.983550000000000000e+05
-4.989460000000000000e+05
-4.995370000000000000e+05
-5.001280000000000000e+05
-5.007190000000000000e+05
-5.013100000000000000e+05
-5.019010000000000000e+05
-5.024920000000000000e+05
-5.030830000000000000e+05
-5.036740000000000000e+05
-5.042650000000000000e+05
-5.048560000000000000e+05
-5.054470000000000000e+05
-5.060380000000000000e+05
-5.066290000000000000e+05
-5.072200000000000000e+05
-5.078110000000000000e+05
-5.084020000000000000e+05
-5.089930000000000000e+05
-5.095840000000000000e+05
-5.101750000000000000e+05
-5.107660000000000000e+05
-5.113570000000000000e+05
-5.119480000000000000e+05
-5.125390000000000000e+05
-5.131300000000000000e+05
-5.137210000000000000e+05
-5.143120000000000000e+05
-5.149030000000000000e+05
-5.154940000000000000e+05
-5.160850000000000000e+05
-5.166760000000000000e+05
-5.172670000000000000e+05
-5.178580000000000000e+05
-5.184490000000000000e+05
-5.190400000000000000e+05
-5.196310000000000000e+05
-5.202220000000000000e+05
-5.208130000000000000e+05
-5.214040000000000000e+05
-5.219950000000000000e+05
-5.225860000000000000e+05
-5.231770000000000000e+05
-5.237680000000000000e+05
-5.243590000000000000e+05
-5.249500000000000000e+05
-5.255410000000000000e+05
-5.261320000000000000e+05
-5.267230000000000000e+05
-5.273140000000000000e+05
-5.279050000000000000e+05
-5.284960000000000000e+05
-5.290870000000000000e+05
-5.296780000000000000e+05
-5.302690000000000000e+05
-5.308600000000000000e+05
-5.314510000000000000e+05
-5.320420000000000000e+05
-5.326330000000000000e+05
-5.332240000000000000e+05
-5.338150000000000000e+05
-5.344060000000000000e+05
-5.349970000000000000e+05
-5.355880000000000000e+05
-5.361790000000000000e+05
-5.367700000000000000e+05
-5.373610000000000000e+05
-5.379520000000000000e+05
-5.385430000000000000e+05
-5.391340000000000000e+05
-5.397250000000000000e+05
-5.403160000000000000e+05
-5.409070000000000000e+05
-5.414980000000000000e+05
-5.420890000000000000e+05
-5.426800000000000000e+05
-5.432710000000000000e+05
-5.438620000000000000e+05
-5.444530000000000000e+05
-5.450440000000000000e+05
-5.456350000000000000e+05
-5.462260000000000000e+05
-5.468170000000000000e+05
-5.474080000000000000e+05
-5.479990000000000000e+05
-5.485900000000000000e+05
-5.491810000000000000e+05
-5.497720000000000000e+05
-5.503630000000000000e+05
-5.509540000000000000e+05
-5.515450000000000000e+05
-5.521360000000000000e+05
-5.527270000000000000e+05
-5.533180000000000000e+05
-5.539090000000000000e+05
-5.545000000000000000e+05
-5.550910000000000000e+05
-5.556820000000000000e+05
-5.562730000000000000e+05
-5.568640000000000000e+05
-5.574550000000000000e+05
-5.580460000000000000e+05
-5.586370000000000000e+05
-5.592280000000000000e+05
-5.598190000000000000e+05
-5.604100000000000000e+05
-5.610010000000000000e+05
-5.615920000000000000e+05
-5.621830000000000000e+05
-5.627740000000000000e+05
-5.633650000000000000e+05
-5.639560000000000000e+05
-5.645470000000000000e+05
-5.651380000000000000e+05
-5.657290000000000000e+05
-5.663200000000000000e+05
-5.669110000000000000e+05
-5.675020000000000000e+05
-5.680930000000000000e+05
-5.686840000000000000e+05
-5.692750000000000000e+05
-5.698660000000000000e+05
-5.704570000000000000e+05
-5.710480000000000000e+05
-5.716390000000000000e+05
-5.722300000000000000e+05
-5.728210000000000000e+05
-5.734120000000000000e+05
-5.740030000000000000e+05
-5.745940000000000000e+05
-5.751850000000000000e+05
-5.757760000000000000e+05
-5.763670000000000000e+05
-5.769580000000000000e+05
-5.775490000000000000e+05
-5.781400000000000000e+05
-5.787310000000000000e+05
-5.793220000000000000e+05
-5.799130000000000000e+05
-5.805040000000000000e+05
-5.810950000000000000e+05
-5.816860000000000000e+05
-5.822770000000000000e+05
-5.828680000000000000e+05
-5.834590000000000000e+05
-5.840500000000000000e+05
-5.846410000000000000e+05
-5.852320000000000000e+05
-5.858230000000000000e+05
-5.864140000000000000e+05
-5.870050000000000000e+05
-5.875960000000000000e+05
-5.881870000000000000e+05
-5.887780000000000000e+05
-5.893690000000000000e+05
-5.899600000000000000e+05
-5.905510000000000000e+05
