5.855400000000000000e+04
5.796300000000000000e+04
5.737200000000000000e+04
5.678100000000000000e+04
5.619000000000000000e+04
5.559900000000000000e+04
5.500800000000000000e+04
5.441700000000000000e+04
5.382600000000000000e+04
5.323500000000000000e+04
5.264400000000000000e+04
5.205300000000000000e+04
5.146200000000000000e+04
5.087100000000000000e+04
5.028000000000000000e+04
4.968900000000000000e+04
4.909800000000000000e+04
4.850700000000000000e+04
4.791600000000000000e+04
4.732500000000000000e+04
4.673400000000000000e+04
4.614300000000000000e+04
4.555200000000000000e+04
4.496100000000000000e+04
4.437000000000000000e+04
4.377900000000000000e+04
4.318800000000000000e+04
4.259700000000000000e+04
4.200600000000000000e+04
4.141500000000000000e+04
4.082400000000000000e+04
4.023300000000000000e+04
3.964200000000000000e+04
3.905100000000000000e+04
3.846000000000000000e+04
3.786900000000000000e+04
3.727800000000000000e+04
3.668700000000000000e+04
3.609600000000000000e+04
3.550500000000000000e+04
3.491400000000000000e+04
3.432300000000000000e+04
3.373200000000000000e+04
3.314100000000000000e+04
3.255000000000000000e+04
3.195900000000000000e+04
3.136800000000000000e+04
3.077700000000000000e+04
3.018600000000000000e+04
2.959500000000000000e+04
2.900400000000000000e+04
2.841300000000000000e+04
2.782200000000000000e+04
2.723100000000000000e+04
2.664000000000000000e+04
2.604900000000000000e+04
2.545800000000000000e+04
2.486700000000000000e+04
2.427600000000000000e+04
2.368500000000000000e+04
2.309400000000000000e+04
2.250300000000000000e+04
2.191200000000000000e+04
2.132100000000000000e+04
2.073000000000000000e+04
2.013900000000000000e+04
1.954800000000000000e+04
1.895700000000000000e+04
1.836600000000000000e+04
1.777500000000000000e+04
1.718400000000000000e+04
1.659300000000000000e+04
1.600200000000000000e+04
1.541100000000000000e+04
1.482000000000000000e+04
1.422900000000000000e+04
1.363800000000000000e+04
1.304700000000000000e+04
1.245600000000000000e+04
1.186500000000000000e+04
1.127400000000000000e+04
1.068300000000000000e+04
1.009200000000000000e+04
9.501000000000000000e+03
8.910000000000000000e+03
8.319000000000000000e+03
7.728000000000000000e+03
7.137000000000000000e+03
6.546000000000000000e+03
5.955000000000000000e+03
5.364000000000000000e+03
4.773000000000000000e+03
4.182000000000000000e+03
3.591000000000000000e+03
3.000000000000000000e+03
2.409000000000000000e+03
1.818000000000000000e+03
1.227000000000000000e+03
6.360000000000000000e+02
4.500000000000000000e+01
-5.460000000000000000e+02
-1.137000000000000000e+03
-1.728000000000000000e+03
-2.319000000000000000e+03
-2.910000000000000000e+03
-3.501000000000000000e+03
-4.092000000000000000e+03
-4.683000000000000000e+03
-5.274000000000000000e+03
-5.865000000000000000e+03
-6.456000000000000000e+03
-7.047000000000000000e+03
-7.638000000000000000e+03
-8.229000000000000000e+03
-8.820000000000000000e+03
-9.411000000000000000e+03
-1.000200000000000000e+04
-1.059300000000000000e+04
-1.118400000000000000e+04
-1.177500000000000000e+04
-1.236600000000000000e+04
-1.295700000000000000e+04
-1.354800000000000000e+04
-1.413900000000000000e+04
-1.473000000000000000e+04
-1.532100000000000000e+04
-1.591200000000000000e+04
-1.650300000000000000e+04
-1.709400000000000000e+04
-1.768500000000000000e+04
-1.827600000000000000e+04
-1.886700000000000000e+04
-1.945800000000000000e+04
-2.004900000000000000e+04
-2.064000000000000000e+04
-2.123100000000000000e+04
-2.182200000000000000e+04
-2.241300000000000000e+04
-2.300400000000000000e+04
-2.359500000000000000e+04
-2.418600000000000000e+04
-2.477700000000000000e+04
-2.536800000000000000e+04
-2.595900000000000000e+04
-2.655000000000000000e+04
-2.714100000000000000e+04
-2.773200000000000000e+04
-2.832300000000000000e+04
-2.891400000000000000e+04
-2.950500000000000000e+04
-3.009600000000000000e+04
-3.068700000000000000e+04
-3.127800000000000000e+04
-3.186900000000000000e+04
-3.246000000000000000e+04
-3.305100000000000000e+04
-3.364200000000000000e+04
-3.423300000000000000e+04
-3.482400000000000000e+04
-3.541500000000000000e+04
-3.600600000000000000e+04
-3.659700000000000000e+04
-3.718800000000000000e+04
-3.777900000000000000e+04
-3.837000000000000000e+04
-3.896100000000000000e+04
-3.955200000000000000e+04
-4.014300000000000000e+04
-4.073400000000000000e+04
-4.132500000000000000e+04
-4.191600000000000000e+04
-4.250700000000000000e+04
-4.309800000000000000e+04
-4.368900000000000000e+04
-4.428000000000000000e+04
-4.487100000000000000e+04
-4.546200000000000000e+04
-4.605300000000000000e+04
-4.664400000000000000e+04
-4.723500000000000000e+04
-4.782600000000000000e+04
-4.841700000000000000e+04
-4.900800000000000000e+04
-4.959900000000000000e+04
-5.019000000000000000e+04
-5.078100000000000000e+04
-5.137200000000000000e+04
-5.196300000000000000e+04
-5.255400000000000000e+04
-5.314500000000000000e+04
-5.373600000000000000e+04
-5.432700000000000000e+04
-5.491800000000000000e+04
-5.550900000000000000e+04
-5.610000000000000000e+04
-5.669100000000000000e+04
-5.728200000000000000e+04
-5.787300000000000000e+04
-5.846400000000000000e+04
-5.905500000000000000e+04
