7.378100000000000000e+04
7.230500000000000000e+04
7.082900000000000000e+04
6.935300000000000000e+04
6.787700000000000000e+04
6.640100000000000000e+04
6.492500000000000000e+04
6.344900000000000000e+04
6.197300000000000000e+04
6.049700000000000000e+04
5.902100000000000000e+04
5.754500000000000000e+04
5.606900000000000000e+04
5.459300000000000000e+04
5.311700000000000000e+04
5.164100000000000000e+04
5.016500000000000000e+04
4.868900000000000000e+04
4.721300000000000000e+04
4.573700000000000000e+04
4.426100000000000000e+04
4.278500000000000000e+04
4.130900000000000000e+04
3.983300000000000000e+04
3.835700000000000000e+04
3.688100000000000000e+04
3.540500000000000000e+04
3.392900000000000000e+04
3.245300000000000000e+04
3.097700000000000000e+04
2.950100000000000000e+04
2.802500000000000000e+04
2.654900000000000000e+04
2.507300000000000000e+04
2.359700000000000000e+04
2.212100000000000000e+04
2.064500000000000000e+04
1.916900000000000000e+04
1.769300000000000000e+04
1.621700000000000000e+04
1.474100000000000000e+04
1.326500000000000000e+04
1.178900000000000000e+04
1.031300000000000000e+04
8.837000000000000000e+03
7.361000000000000000e+03
5.885000000000000000e+03
4.409000000000000000e+03
2.933000000000000000e+03
1.457000000000000000e+03
-1.900000000000000000e+01
-1.495000000000000000e+03
-2.971000000000000000e+03
-4.447000000000000000e+03
-5.923000000000000000e+03
-7.399000000000000000e+03
-8.875000000000000000e+03
-1.035100000000000000e+04
-1.182700000000000000e+04
-1.330300000000000000e+04
-1.477900000000000000e+04
-1.625500000000000000e+04
-1.773100000000000000e+04
-1.920700000000000000e+04
-2.068300000000000000e+04
-2.215900000000000000e+04
-2.363500000000000000e+04
-2.511100000000000000e+04
-2.658700000000000000e+04
-2.806300000000000000e+04
-2.953900000000000000e+04
-3.101500000000000000e+04
-3.249100000000000000e+04
-3.396700000000000000e+04
-3.544300000000000000e+04
-3.691900000000000000e+04
-3.839500000000000000e+04
-3.987100000000000000e+04
-4.134700000000000000e+04
-4.282300000000000000e+04
-4.429900000000000000e+04
-4.577500000000000000e+04
-4.725100000000000000e+04
-4.872700000000000000e+04
-5.020300000000000000e+04
-5.167900000000000000e+04
-5.315500000000000000e+04
-5.463100000000000000e+04
-5.610700000000000000e+04
-5.758300000000000000e+04
-5.905900000000000000e+04
-6.053500000000000000e+04
-6.201100000000000000e+04
-6.348700000000000000e+04
-6.496300000000000000e+04
-6.643900000000000000e+04
-6.791500000000000000e+04
-6.939100000000000000e+04
-7.086700000000000000e+04
-7.234300000000000000e+04
-7.381900000000000000e+04
