# FTS Scan Points File
# 	Resolution: 1.0 GHz
# 	Range: 500.0 GHz
# 	Microstep Resolution: 10, Steps per inch: 125000.0
# 	Number of Positions: 2001
# 	Default Scan Time: 116.725 minutes
-7.380000000000000000e+05
-7.372620000000000000e+05
-7.365240000000000000e+05
-7.357860000000000000e+05
-7.350480000000000000e+05
-7.343100000000000000e+05
-7.335720000000000000e+05
-7.328340000000000000e+05
-7.320960000000000000e+05
-7.313580000000000000e+05
-7.306200000000000000e+05
-7.298820000000000000e+05
-7.291440000000000000e+05
-7.284060000000000000e+05
-7.276680000000000000e+05
-7.269300000000000000e+05
-7.261920000000000000e+05
-7.254540000000000000e+05
-7.247160000000000000e+05
-7.239780000000000000e+05
-7.232400000000000000e+05
-7.225020000000000000e+05
-7.217640000000000000e+05
-7.210260000000000000e+05
-7.202880000000000000e+05
-7.195500000000000000e+05
-7.188120000000000000e+05
-7.180740000000000000e+05
-7.173360000000000000e+05
-7.165980000000000000e+05
-7.158600000000000000e+05
-7.151220000000000000e+05
-7.143840000000000000e+05
-7.136460000000000000e+05
-7.129080000000000000e+05
-7.121700000000000000e+05
-7.114320000000000000e+05
-7.106940000000000000e+05
-7.099560000000000000e+05
-7.092180000000000000e+05
-7.084800000000000000e+05
-7.077420000000000000e+05
-7.070040000000000000e+05
-7.062660000000000000e+05
-7.055280000000000000e+05
-7.047900000000000000e+05
-7.040520000000000000e+05
-7.033140000000000000e+05
-7.025760000000000000e+05
-7.018380000000000000e+05
-7.011000000000000000e+05
-7.003620000000000000e+05
-6.996240000000000000e+05
-6.988860000000000000e+05
-6.981480000000000000e+05
-6.974100000000000000e+05
-6.966720000000000000e+05
-6.959340000000000000e+05
-6.951960000000000000e+05
-6.944580000000000000e+05
-6.937200000000000000e+05
-6.929820000000000000e+05
-6.922440000000000000e+05
-6.915060000000000000e+05
-6.907680000000000000e+05
-6.900300000000000000e+05
-6.892920000000000000e+05
-6.885540000000000000e+05
-6.878160000000000000e+05
-6.870780000000000000e+05
-6.863400000000000000e+05
-6.856020000000000000e+05
-6.848640000000000000e+05
-6.841260000000000000e+05
-6.833880000000000000e+05
-6.826500000000000000e+05
-6.819120000000000000e+05
-6.811740000000000000e+05
-6.804360000000000000e+05
-6.796980000000000000e+05
-6.789600000000000000e+05
-6.782220000000000000e+05
-6.774840000000000000e+05
-6.767460000000000000e+05
-6.760080000000000000e+05
-6.752700000000000000e+05
-6.745320000000000000e+05
-6.737940000000000000e+05
-6.730560000000000000e+05
-6.723180000000000000e+05
-6.715800000000000000e+05
-6.708420000000000000e+05
-6.701040000000000000e+05
-6.693660000000000000e+05
-6.686280000000000000e+05
-6.678900000000000000e+05
-6.671520000000000000e+05
-6.664140000000000000e+05
-6.656760000000000000e+05
-6.649380000000000000e+05
-6.642000000000000000e+05
-6.634620000000000000e+05
-6.627240000000000000e+05
-6.619860000000000000e+05
-6.612480000000000000e+05
-6.605100000000000000e+05
-6.597720000000000000e+05
-6.590340000000000000e+05
-6.582960000000000000e+05
-6.575580000000000000e+05
-6.568200000000000000e+05
-6.560820000000000000e+05
-6.553440000000000000e+05
-6.546060000000000000e+05
-6.538680000000000000e+05
-6.531300000000000000e+05
-6.523920000000000000e+05
-6.516540000000000000e+05
-6.509160000000000000e+05
-6.501780000000000000e+05
-6.494400000000000000e+05
-6.487020000000000000e+05
-6.479640000000000000e+05
-6.472260000000000000e+05
-6.464880000000000000e+05
-6.457500000000000000e+05
-6.450120000000000000e+05
-6.442740000000000000e+05
-6.435360000000000000e+05
-6.427980000000000000e+05
-6.420600000000000000e+05
-6.413220000000000000e+05
-6.405840000000000000e+05
-6.398460000000000000e+05
-6.391080000000000000e+05
-6.383700000000000000e+05
-6.376320000000000000e+05
-6.368940000000000000e+05
-6.361560000000000000e+05
-6.354180000000000000e+05
-6.346800000000000000e+05
-6.339420000000000000e+05
-6.332040000000000000e+05
-6.324660000000000000e+05
-6.317280000000000000e+05
-6.309900000000000000e+05
-6.302520000000000000e+05
-6.295140000000000000e+05
-6.287760000000000000e+05
-6.280380000000000000e+05
-6.273000000000000000e+05
-6.265620000000000000e+05
-6.258240000000000000e+05
-6.250860000000000000e+05
-6.243480000000000000e+05
-6.236100000000000000e+05
-6.228720000000000000e+05
-6.221340000000000000e+05
-6.213960000000000000e+05
-6.206580000000000000e+05
-6.199200000000000000e+05
-6.191820000000000000e+05
-6.184440000000000000e+05
-6.177060000000000000e+05
-6.169680000000000000e+05
-6.162300000000000000e+05
-6.154920000000000000e+05
-6.147540000000000000e+05
-6.140160000000000000e+05
-6.132780000000000000e+05
-6.125400000000000000e+05
-6.118020000000000000e+05
-6.110640000000000000e+05
-6.103260000000000000e+05
-6.095880000000000000e+05
-6.088500000000000000e+05
-6.081120000000000000e+05
-6.073740000000000000e+05
-6.066360000000000000e+05
-6.058980000000000000e+05
-6.051600000000000000e+05
-6.044220000000000000e+05
-6.036840000000000000e+05
-6.029460000000000000e+05
-6.022080000000000000e+05
-6.014700000000000000e+05
-6.007320000000000000e+05
-5.999940000000000000e+05
-5.992560000000000000e+05
-5.985180000000000000e+05
-5.977800000000000000e+05
-5.970420000000000000e+05
-5.963040000000000000e+05
-5.955660000000000000e+05
-5.948280000000000000e+05
-5.940900000000000000e+05
-5.933520000000000000e+05
-5.926140000000000000e+05
-5.918760000000000000e+05
-5.911380000000000000e+05
-5.904000000000000000e+05
-5.896620000000000000e+05
-5.889240000000000000e+05
-5.881860000000000000e+05
-5.874480000000000000e+05
-5.867100000000000000e+05
-5.859720000000000000e+05
-5.852340000000000000e+05
-5.844960000000000000e+05
-5.837580000000000000e+05
-5.830200000000000000e+05
-5.822820000000000000e+05
-5.815440000000000000e+05
-5.808060000000000000e+05
-5.800680000000000000e+05
-5.793300000000000000e+05
-5.785920000000000000e+05
-5.778540000000000000e+05
-5.771160000000000000e+05
-5.763780000000000000e+05
-5.756400000000000000e+05
-5.749020000000000000e+05
-5.741640000000000000e+05
-5.734260000000000000e+05
-5.726880000000000000e+05
-5.719500000000000000e+05
-5.712120000000000000e+05
-5.704740000000000000e+05
-5.697360000000000000e+05
-5.689980000000000000e+05
-5.682600000000000000e+05
-5.675220000000000000e+05
-5.667840000000000000e+05
-5.660460000000000000e+05
-5.653080000000000000e+05
-5.645700000000000000e+05
-5.638320000000000000e+05
-5.630940000000000000e+05
-5.623560000000000000e+05
-5.616180000000000000e+05
-5.608800000000000000e+05
-5.601420000000000000e+05
-5.594040000000000000e+05
-5.586660000000000000e+05
-5.579280000000000000e+05
-5.571900000000000000e+05
-5.564520000000000000e+05
-5.557140000000000000e+05
-5.549760000000000000e+05
-5.542380000000000000e+05
-5.535000000000000000e+05
-5.527620000000000000e+05
-5.520240000000000000e+05
-5.512860000000000000e+05
-5.505480000000000000e+05
-5.498100000000000000e+05
-5.490720000000000000e+05
-5.483340000000000000e+05
-5.475960000000000000e+05
-5.468580000000000000e+05
-5.461200000000000000e+05
-5.453820000000000000e+05
-5.446440000000000000e+05
-5.439060000000000000e+05
-5.431680000000000000e+05
-5.424300000000000000e+05
-5.416920000000000000e+05
-5.409540000000000000e+05
-5.402160000000000000e+05
-5.394780000000000000e+05
-5.387400000000000000e+05
-5.380020000000000000e+05
-5.372640000000000000e+05
-5.365260000000000000e+05
-5.357880000000000000e+05
-5.350500000000000000e+05
-5.343120000000000000e+05
-5.335740000000000000e+05
-5.328360000000000000e+05
-5.320980000000000000e+05
-5.313600000000000000e+05
-5.306220000000000000e+05
-5.298840000000000000e+05
-5.291460000000000000e+05
-5.284080000000000000e+05
-5.276700000000000000e+05
-5.269320000000000000e+05
-5.261940000000000000e+05
-5.254560000000000000e+05
-5.247180000000000000e+05
-5.239800000000000000e+05
-5.232420000000000000e+05
-5.225040000000000000e+05
-5.217660000000000000e+05
-5.210280000000000000e+05
-5.202900000000000000e+05
-5.195520000000000000e+05
-5.188140000000000000e+05
-5.180760000000000000e+05
-5.173380000000000000e+05
-5.166000000000000000e+05
-5.158620000000000000e+05
-5.151240000000000000e+05
-5.143860000000000000e+05
-5.136480000000000000e+05
-5.129100000000000000e+05
-5.121720000000000000e+05
-5.114340000000000000e+05
-5.106960000000000000e+05
-5.099580000000000000e+05
-5.092200000000000000e+05
-5.084820000000000000e+05
-5.077440000000000000e+05
-5.070060000000000000e+05
-5.062680000000000000e+05
-5.055300000000000000e+05
-5.047920000000000000e+05
-5.040540000000000000e+05
-5.033160000000000000e+05
-5.025780000000000000e+05
-5.018400000000000000e+05
-5.011020000000000000e+05
-5.003640000000000000e+05
-4.996260000000000000e+05
-4.988880000000000000e+05
-4.981500000000000000e+05
-4.974120000000000000e+05
-4.966740000000000000e+05
-4.959360000000000000e+05
-4.951980000000000000e+05
-4.944600000000000000e+05
-4.937220000000000000e+05
-4.929840000000000000e+05
-4.922460000000000000e+05
-4.915080000000000000e+05
-4.907700000000000000e+05
-4.900320000000000000e+05
-4.892940000000000000e+05
-4.885560000000000000e+05
-4.878180000000000000e+05
-4.870800000000000000e+05
-4.863420000000000000e+05
-4.856040000000000000e+05
-4.848660000000000000e+05
-4.841280000000000000e+05
-4.833900000000000000e+05
-4.826520000000000000e+05
-4.819140000000000000e+05
-4.811760000000000000e+05
-4.804380000000000000e+05
-4.797000000000000000e+05
-4.789620000000000000e+05
-4.782240000000000000e+05
-4.774860000000000000e+05
-4.767480000000000000e+05
-4.760100000000000000e+05
-4.752720000000000000e+05
-4.745340000000000000e+05
-4.737960000000000000e+05
-4.730580000000000000e+05
-4.723200000000000000e+05
-4.715820000000000000e+05
-4.708440000000000000e+05
-4.701060000000000000e+05
-4.693680000000000000e+05
-4.686300000000000000e+05
-4.678920000000000000e+05
-4.671540000000000000e+05
-4.664160000000000000e+05
-4.656780000000000000e+05
-4.649400000000000000e+05
-4.642020000000000000e+05
-4.634640000000000000e+05
-4.627260000000000000e+05
-4.619880000000000000e+05
-4.612500000000000000e+05
-4.605120000000000000e+05
-4.597740000000000000e+05
-4.590360000000000000e+05
-4.582980000000000000e+05
-4.575600000000000000e+05
-4.568220000000000000e+05
-4.560840000000000000e+05
-4.553460000000000000e+05
-4.546080000000000000e+05
-4.538700000000000000e+05
-4.531320000000000000e+05
-4.523940000000000000e+05
-4.516560000000000000e+05
-4.509180000000000000e+05
-4.501800000000000000e+05
-4.494420000000000000e+05
-4.487040000000000000e+05
-4.479660000000000000e+05
-4.472280000000000000e+05
-4.464900000000000000e+05
-4.457520000000000000e+05
-4.450140000000000000e+05
-4.442760000000000000e+05
-4.435380000000000000e+05
-4.428000000000000000e+05
-4.420620000000000000e+05
-4.413240000000000000e+05
-4.405860000000000000e+05
-4.398480000000000000e+05
-4.391100000000000000e+05
-4.383720000000000000e+05
-4.376340000000000000e+05
-4.368960000000000000e+05
-4.361580000000000000e+05
-4.354200000000000000e+05
-4.346820000000000000e+05
-4.339440000000000000e+05
-4.332060000000000000e+05
-4.324680000000000000e+05
-4.317300000000000000e+05
-4.309920000000000000e+05
-4.302540000000000000e+05
-4.295160000000000000e+05
-4.287780000000000000e+05
-4.280400000000000000e+05
-4.273020000000000000e+05
-4.265640000000000000e+05
-4.258260000000000000e+05
-4.250880000000000000e+05
-4.243500000000000000e+05
-4.236120000000000000e+05
-4.228740000000000000e+05
-4.221360000000000000e+05
-4.213980000000000000e+05
-4.206600000000000000e+05
-4.199220000000000000e+05
-4.191840000000000000e+05
-4.184460000000000000e+05
-4.177080000000000000e+05
-4.169700000000000000e+05
-4.162320000000000000e+05
-4.154940000000000000e+05
-4.147560000000000000e+05
-4.140180000000000000e+05
-4.132800000000000000e+05
-4.125420000000000000e+05
-4.118040000000000000e+05
-4.110660000000000000e+05
-4.103280000000000000e+05
-4.095900000000000000e+05
-4.088520000000000000e+05
-4.081140000000000000e+05
-4.073760000000000000e+05
-4.066380000000000000e+05
-4.059000000000000000e+05
-4.051620000000000000e+05
-4.044240000000000000e+05
-4.036860000000000000e+05
-4.029480000000000000e+05
-4.022100000000000000e+05
-4.014720000000000000e+05
-4.007340000000000000e+05
-3.999960000000000000e+05
-3.992580000000000000e+05
-3.985200000000000000e+05
-3.977820000000000000e+05
-3.970440000000000000e+05
-3.963060000000000000e+05
-3.955680000000000000e+05
-3.948300000000000000e+05
-3.940920000000000000e+05
-3.933540000000000000e+05
-3.926160000000000000e+05
-3.918780000000000000e+05
-3.911400000000000000e+05
-3.904020000000000000e+05
-3.896640000000000000e+05
-3.889260000000000000e+05
-3.881880000000000000e+05
-3.874500000000000000e+05
-3.867120000000000000e+05
-3.859740000000000000e+05
-3.852360000000000000e+05
-3.844980000000000000e+05
-3.837600000000000000e+05
-3.830220000000000000e+05
-3.822840000000000000e+05
-3.815460000000000000e+05
-3.808080000000000000e+05
-3.800700000000000000e+05
-3.793320000000000000e+05
-3.785940000000000000e+05
-3.778560000000000000e+05
-3.771180000000000000e+05
-3.763800000000000000e+05
-3.756420000000000000e+05
-3.749040000000000000e+05
-3.741660000000000000e+05
-3.734280000000000000e+05
-3.726900000000000000e+05
-3.719520000000000000e+05
-3.712140000000000000e+05
-3.704760000000000000e+05
-3.697380000000000000e+05
-3.690000000000000000e+05
-3.682620000000000000e+05
-3.675240000000000000e+05
-3.667860000000000000e+05
-3.660480000000000000e+05
-3.653100000000000000e+05
-3.645720000000000000e+05
-3.638340000000000000e+05
-3.630960000000000000e+05
-3.623580000000000000e+05
-3.616200000000000000e+05
-3.608820000000000000e+05
-3.601440000000000000e+05
-3.594060000000000000e+05
-3.586680000000000000e+05
-3.579300000000000000e+05
-3.571920000000000000e+05
-3.564540000000000000e+05
-3.557160000000000000e+05
-3.549780000000000000e+05
-3.542400000000000000e+05
-3.535020000000000000e+05
-3.527640000000000000e+05
-3.520260000000000000e+05
-3.512880000000000000e+05
-3.505500000000000000e+05
-3.498120000000000000e+05
-3.490740000000000000e+05
-3.483360000000000000e+05
-3.475980000000000000e+05
-3.468600000000000000e+05
-3.461220000000000000e+05
-3.453840000000000000e+05
-3.446460000000000000e+05
-3.439080000000000000e+05
-3.431700000000000000e+05
-3.424320000000000000e+05
-3.416940000000000000e+05
-3.409560000000000000e+05
-3.402180000000000000e+05
-3.394800000000000000e+05
-3.387420000000000000e+05
-3.380040000000000000e+05
-3.372660000000000000e+05
-3.365280000000000000e+05
-3.357900000000000000e+05
-3.350520000000000000e+05
-3.343140000000000000e+05
-3.335760000000000000e+05
-3.328380000000000000e+05
-3.321000000000000000e+05
-3.313620000000000000e+05
-3.306240000000000000e+05
-3.298860000000000000e+05
-3.291480000000000000e+05
-3.284100000000000000e+05
-3.276720000000000000e+05
-3.269340000000000000e+05
-3.261960000000000000e+05
-3.254580000000000000e+05
-3.247200000000000000e+05
-3.239820000000000000e+05
-3.232440000000000000e+05
-3.225060000000000000e+05
-3.217680000000000000e+05
-3.210300000000000000e+05
-3.202920000000000000e+05
-3.195540000000000000e+05
-3.188160000000000000e+05
-3.180780000000000000e+05
-3.173400000000000000e+05
-3.166020000000000000e+05
-3.158640000000000000e+05
-3.151260000000000000e+05
-3.143880000000000000e+05
-3.136500000000000000e+05
-3.129120000000000000e+05
-3.121740000000000000e+05
-3.114360000000000000e+05
-3.106980000000000000e+05
-3.099600000000000000e+05
-3.092220000000000000e+05
-3.084840000000000000e+05
-3.077460000000000000e+05
-3.070080000000000000e+05
-3.062700000000000000e+05
-3.055320000000000000e+05
-3.047940000000000000e+05
-3.040560000000000000e+05
-3.033180000000000000e+05
-3.025800000000000000e+05
-3.018420000000000000e+05
-3.011040000000000000e+05
-3.003660000000000000e+05
-2.996280000000000000e+05
-2.988900000000000000e+05
-2.981520000000000000e+05
-2.974140000000000000e+05
-2.966760000000000000e+05
-2.959380000000000000e+05
-2.952000000000000000e+05
-2.944620000000000000e+05
-2.937240000000000000e+05
-2.929860000000000000e+05
-2.922480000000000000e+05
-2.915100000000000000e+05
-2.907720000000000000e+05
-2.900340000000000000e+05
-2.892960000000000000e+05
-2.885580000000000000e+05
-2.878200000000000000e+05
-2.870820000000000000e+05
-2.863440000000000000e+05
-2.856060000000000000e+05
-2.848680000000000000e+05
-2.841300000000000000e+05
-2.833920000000000000e+05
-2.826540000000000000e+05
-2.819160000000000000e+05
-2.811780000000000000e+05
-2.804400000000000000e+05
-2.797020000000000000e+05
-2.789640000000000000e+05
-2.782260000000000000e+05
-2.774880000000000000e+05
-2.767500000000000000e+05
-2.760120000000000000e+05
-2.752740000000000000e+05
-2.745360000000000000e+05
-2.737980000000000000e+05
-2.730600000000000000e+05
-2.723220000000000000e+05
-2.715840000000000000e+05
-2.708460000000000000e+05
-2.701080000000000000e+05
-2.693700000000000000e+05
-2.686320000000000000e+05
-2.678940000000000000e+05
-2.671560000000000000e+05
-2.664180000000000000e+05
-2.656800000000000000e+05
-2.649420000000000000e+05
-2.642040000000000000e+05
-2.634660000000000000e+05
-2.627280000000000000e+05
-2.619900000000000000e+05
-2.612520000000000000e+05
-2.605140000000000000e+05
-2.597760000000000000e+05
-2.590380000000000000e+05
-2.583000000000000000e+05
-2.575620000000000000e+05
-2.568240000000000000e+05
-2.560860000000000000e+05
-2.553480000000000000e+05
-2.546100000000000000e+05
-2.538720000000000000e+05
-2.531340000000000000e+05
-2.523960000000000000e+05
-2.516580000000000000e+05
-2.509200000000000000e+05
-2.501820000000000000e+05
-2.494440000000000000e+05
-2.487060000000000000e+05
-2.479680000000000000e+05
-2.472300000000000000e+05
-2.464920000000000000e+05
-2.457540000000000000e+05
-2.450160000000000000e+05
-2.442780000000000000e+05
-2.435400000000000000e+05
-2.428020000000000000e+05
-2.420640000000000000e+05
-2.413260000000000000e+05
-2.405880000000000000e+05
-2.398500000000000000e+05
-2.391120000000000000e+05
-2.383740000000000000e+05
-2.376360000000000000e+05
-2.368980000000000000e+05
-2.361600000000000000e+05
-2.354220000000000000e+05
-2.346840000000000000e+05
-2.339460000000000000e+05
-2.332080000000000000e+05
-2.324700000000000000e+05
-2.317320000000000000e+05
-2.309940000000000000e+05
-2.302560000000000000e+05
-2.295180000000000000e+05
-2.287800000000000000e+05
-2.280420000000000000e+05
-2.273040000000000000e+05
-2.265660000000000000e+05
-2.258280000000000000e+05
-2.250900000000000000e+05
-2.243520000000000000e+05
-2.236140000000000000e+05
-2.228760000000000000e+05
-2.221380000000000000e+05
-2.214000000000000000e+05
-2.206620000000000000e+05
-2.199240000000000000e+05
-2.191860000000000000e+05
-2.184480000000000000e+05
-2.177100000000000000e+05
-2.169720000000000000e+05
-2.162340000000000000e+05
-2.154960000000000000e+05
-2.147580000000000000e+05
-2.140200000000000000e+05
-2.132820000000000000e+05
-2.125440000000000000e+05
-2.118060000000000000e+05
-2.110680000000000000e+05
-2.103300000000000000e+05
-2.095920000000000000e+05
-2.088540000000000000e+05
-2.081160000000000000e+05
-2.073780000000000000e+05
-2.066400000000000000e+05
-2.059020000000000000e+05
-2.051640000000000000e+05
-2.044260000000000000e+05
-2.036880000000000000e+05
-2.029500000000000000e+05
-2.022120000000000000e+05
-2.014740000000000000e+05
-2.007360000000000000e+05
-1.999980000000000000e+05
-1.992600000000000000e+05
-1.985220000000000000e+05
-1.977840000000000000e+05
-1.970460000000000000e+05
-1.963080000000000000e+05
-1.955700000000000000e+05
-1.948320000000000000e+05
-1.940940000000000000e+05
-1.933560000000000000e+05
-1.926180000000000000e+05
-1.918800000000000000e+05
-1.911420000000000000e+05
-1.904040000000000000e+05
-1.896660000000000000e+05
-1.889280000000000000e+05
-1.881900000000000000e+05
-1.874520000000000000e+05
-1.867140000000000000e+05
-1.859760000000000000e+05
-1.852380000000000000e+05
-1.845000000000000000e+05
-1.837620000000000000e+05
-1.830240000000000000e+05
-1.822860000000000000e+05
-1.815480000000000000e+05
-1.808100000000000000e+05
-1.800720000000000000e+05
-1.793340000000000000e+05
-1.785960000000000000e+05
-1.778580000000000000e+05
-1.771200000000000000e+05
-1.763820000000000000e+05
-1.756440000000000000e+05
-1.749060000000000000e+05
-1.741680000000000000e+05
-1.734300000000000000e+05
-1.726920000000000000e+05
-1.719540000000000000e+05
-1.712160000000000000e+05
-1.704780000000000000e+05
-1.697400000000000000e+05
-1.690020000000000000e+05
-1.682640000000000000e+05
-1.675260000000000000e+05
-1.667880000000000000e+05
-1.660500000000000000e+05
-1.653120000000000000e+05
-1.645740000000000000e+05
-1.638360000000000000e+05
-1.630980000000000000e+05
-1.623600000000000000e+05
-1.616220000000000000e+05
-1.608840000000000000e+05
-1.601460000000000000e+05
-1.594080000000000000e+05
-1.586700000000000000e+05
-1.579320000000000000e+05
-1.571940000000000000e+05
-1.564560000000000000e+05
-1.557180000000000000e+05
-1.549800000000000000e+05
-1.542420000000000000e+05
-1.535040000000000000e+05
-1.527660000000000000e+05
-1.520280000000000000e+05
-1.512900000000000000e+05
-1.505520000000000000e+05
-1.498140000000000000e+05
-1.490760000000000000e+05
-1.483380000000000000e+05
-1.476000000000000000e+05
-1.468620000000000000e+05
-1.461240000000000000e+05
-1.453860000000000000e+05
-1.446480000000000000e+05
-1.439100000000000000e+05
-1.431720000000000000e+05
-1.424340000000000000e+05
-1.416960000000000000e+05
-1.409580000000000000e+05
-1.402200000000000000e+05
-1.394820000000000000e+05
-1.387440000000000000e+05
-1.380060000000000000e+05
-1.372680000000000000e+05
-1.365300000000000000e+05
-1.357920000000000000e+05
-1.350540000000000000e+05
-1.343160000000000000e+05
-1.335780000000000000e+05
-1.328400000000000000e+05
-1.321020000000000000e+05
-1.313640000000000000e+05
-1.306260000000000000e+05
-1.298880000000000000e+05
-1.291500000000000000e+05
-1.284120000000000000e+05
-1.276740000000000000e+05
-1.269360000000000000e+05
-1.261980000000000000e+05
-1.254600000000000000e+05
-1.247220000000000000e+05
-1.239840000000000000e+05
-1.232460000000000000e+05
-1.225080000000000000e+05
-1.217700000000000000e+05
-1.210320000000000000e+05
-1.202940000000000000e+05
-1.195560000000000000e+05
-1.188180000000000000e+05
-1.180800000000000000e+05
-1.173420000000000000e+05
-1.166040000000000000e+05
-1.158660000000000000e+05
-1.151280000000000000e+05
-1.143900000000000000e+05
-1.136520000000000000e+05
-1.129140000000000000e+05
-1.121760000000000000e+05
-1.114380000000000000e+05
-1.107000000000000000e+05
-1.099620000000000000e+05
-1.092240000000000000e+05
-1.084860000000000000e+05
-1.077480000000000000e+05
-1.070100000000000000e+05
-1.062720000000000000e+05
-1.055340000000000000e+05
-1.047960000000000000e+05
-1.040580000000000000e+05
-1.033200000000000000e+05
-1.025820000000000000e+05
-1.018440000000000000e+05
-1.011060000000000000e+05
-1.003680000000000000e+05
-9.963000000000000000e+04
-9.889200000000000000e+04
-9.815400000000000000e+04
-9.741600000000000000e+04
-9.667800000000000000e+04
-9.594000000000000000e+04
-9.520200000000000000e+04
-9.446400000000000000e+04
-9.372600000000000000e+04
-9.298800000000000000e+04
-9.225000000000000000e+04
-9.151200000000000000e+04
-9.077400000000000000e+04
-9.003600000000000000e+04
-8.929800000000000000e+04
-8.856000000000000000e+04
-8.782200000000000000e+04
-8.708400000000000000e+04
-8.634600000000000000e+04
-8.560800000000000000e+04
-8.487000000000000000e+04
-8.413200000000000000e+04
-8.339400000000000000e+04
-8.265600000000000000e+04
-8.191800000000000000e+04
-8.118000000000000000e+04
-8.044200000000000000e+04
-7.970400000000000000e+04
-7.896600000000000000e+04
-7.822800000000000000e+04
-7.749000000000000000e+04
-7.675200000000000000e+04
-7.601400000000000000e+04
-7.527600000000000000e+04
-7.453800000000000000e+04
-7.380000000000000000e+04
-7.306200000000000000e+04
-7.232400000000000000e+04
-7.158600000000000000e+04
-7.084800000000000000e+04
-7.011000000000000000e+04
-6.937200000000000000e+04
-6.863400000000000000e+04
-6.789600000000000000e+04
-6.715800000000000000e+04
-6.642000000000000000e+04
-6.568200000000000000e+04
-6.494400000000000000e+04
-6.420600000000000000e+04
-6.346800000000000000e+04
-6.273000000000000000e+04
-6.199200000000000000e+04
-6.125400000000000000e+04
-6.051600000000000000e+04
-5.977800000000000000e+04
-5.904000000000000000e+04
-5.830200000000000000e+04
-5.756400000000000000e+04
-5.682600000000000000e+04
-5.608800000000000000e+04
-5.535000000000000000e+04
-5.461200000000000000e+04
-5.387400000000000000e+04
-5.313600000000000000e+04
-5.239800000000000000e+04
-5.166000000000000000e+04
-5.092200000000000000e+04
-5.018400000000000000e+04
-4.944600000000000000e+04
-4.870800000000000000e+04
-4.797000000000000000e+04
-4.723200000000000000e+04
-4.649400000000000000e+04
-4.575600000000000000e+04
-4.501800000000000000e+04
-4.428000000000000000e+04
-4.354200000000000000e+04
-4.280400000000000000e+04
-4.206600000000000000e+04
-4.132800000000000000e+04
-4.059000000000000000e+04
-3.985200000000000000e+04
-3.911400000000000000e+04
-3.837600000000000000e+04
-3.763800000000000000e+04
-3.690000000000000000e+04
-3.616200000000000000e+04
-3.542400000000000000e+04
-3.468600000000000000e+04
-3.394800000000000000e+04
-3.321000000000000000e+04
-3.247200000000000000e+04
-3.173400000000000000e+04
-3.099600000000000000e+04
-3.025800000000000000e+04
-2.952000000000000000e+04
-2.878200000000000000e+04
-2.804400000000000000e+04
-2.730600000000000000e+04
-2.656800000000000000e+04
-2.583000000000000000e+04
-2.509200000000000000e+04
-2.435400000000000000e+04
-2.361600000000000000e+04
-2.287800000000000000e+04
-2.214000000000000000e+04
-2.140200000000000000e+04
-2.066400000000000000e+04
-1.992600000000000000e+04
-1.918800000000000000e+04
-1.845000000000000000e+04
-1.771200000000000000e+04
-1.697400000000000000e+04
-1.623600000000000000e+04
-1.549800000000000000e+04
-1.476000000000000000e+04
-1.402200000000000000e+04
-1.328400000000000000e+04
-1.254600000000000000e+04
-1.180800000000000000e+04
-1.107000000000000000e+04
-1.033200000000000000e+04
-9.594000000000000000e+03
-8.856000000000000000e+03
-8.118000000000000000e+03
-7.380000000000000000e+03
-6.642000000000000000e+03
-5.904000000000000000e+03
-5.166000000000000000e+03
-4.428000000000000000e+03
-3.690000000000000000e+03
-2.952000000000000000e+03
-2.214000000000000000e+03
-1.476000000000000000e+03
-7.380000000000000000e+02
0.000000000000000000e+00
7.380000000000000000e+02
1.476000000000000000e+03
2.214000000000000000e+03
2.952000000000000000e+03
3.690000000000000000e+03
4.428000000000000000e+03
5.166000000000000000e+03
5.904000000000000000e+03
6.642000000000000000e+03
7.380000000000000000e+03
8.118000000000000000e+03
8.856000000000000000e+03
9.594000000000000000e+03
1.033200000000000000e+04
1.107000000000000000e+04
1.180800000000000000e+04
1.254600000000000000e+04
1.328400000000000000e+04
1.402200000000000000e+04
1.476000000000000000e+04
1.549800000000000000e+04
1.623600000000000000e+04
1.697400000000000000e+04
1.771200000000000000e+04
1.845000000000000000e+04
1.918800000000000000e+04
1.992600000000000000e+04
2.066400000000000000e+04
2.140200000000000000e+04
2.214000000000000000e+04
2.287800000000000000e+04
2.361600000000000000e+04
2.435400000000000000e+04
2.509200000000000000e+04
2.583000000000000000e+04
2.656800000000000000e+04
2.730600000000000000e+04
2.804400000000000000e+04
2.878200000000000000e+04
2.952000000000000000e+04
3.025800000000000000e+04
3.099600000000000000e+04
3.173400000000000000e+04
3.247200000000000000e+04
3.321000000000000000e+04
3.394800000000000000e+04
3.468600000000000000e+04
3.542400000000000000e+04
3.616200000000000000e+04
3.690000000000000000e+04
3.763800000000000000e+04
3.837600000000000000e+04
3.911400000000000000e+04
3.985200000000000000e+04
4.059000000000000000e+04
4.132800000000000000e+04
4.206600000000000000e+04
4.280400000000000000e+04
4.354200000000000000e+04
4.428000000000000000e+04
4.501800000000000000e+04
4.575600000000000000e+04
4.649400000000000000e+04
4.723200000000000000e+04
4.797000000000000000e+04
4.870800000000000000e+04
4.944600000000000000e+04
5.018400000000000000e+04
5.092200000000000000e+04
5.166000000000000000e+04
5.239800000000000000e+04
5.313600000000000000e+04
5.387400000000000000e+04
5.461200000000000000e+04
5.535000000000000000e+04
5.608800000000000000e+04
5.682600000000000000e+04
5.756400000000000000e+04
5.830200000000000000e+04
5.904000000000000000e+04
5.977800000000000000e+04
6.051600000000000000e+04
6.125400000000000000e+04
6.199200000000000000e+04
6.273000000000000000e+04
6.346800000000000000e+04
6.420600000000000000e+04
6.494400000000000000e+04
6.568200000000000000e+04
6.642000000000000000e+04
6.715800000000000000e+04
6.789600000000000000e+04
6.863400000000000000e+04
6.937200000000000000e+04
7.011000000000000000e+04
7.084800000000000000e+04
7.158600000000000000e+04
7.232400000000000000e+04
7.306200000000000000e+04
7.380000000000000000e+04
7.453800000000000000e+04
7.527600000000000000e+04
7.601400000000000000e+04
7.675200000000000000e+04
7.749000000000000000e+04
7.822800000000000000e+04
7.896600000000000000e+04
7.970400000000000000e+04
8.044200000000000000e+04
8.118000000000000000e+04
8.191800000000000000e+04
8.265600000000000000e+04
8.339400000000000000e+04
8.413200000000000000e+04
8.487000000000000000e+04
8.560800000000000000e+04
8.634600000000000000e+04
8.708400000000000000e+04
8.782200000000000000e+04
8.856000000000000000e+04
8.929800000000000000e+04
9.003600000000000000e+04
9.077400000000000000e+04
9.151200000000000000e+04
9.225000000000000000e+04
9.298800000000000000e+04
9.372600000000000000e+04
9.446400000000000000e+04
9.520200000000000000e+04
9.594000000000000000e+04
9.667800000000000000e+04
9.741600000000000000e+04
9.815400000000000000e+04
9.889200000000000000e+04
9.963000000000000000e+04
1.003680000000000000e+05
1.011060000000000000e+05
1.018440000000000000e+05
1.025820000000000000e+05
1.033200000000000000e+05
1.040580000000000000e+05
1.047960000000000000e+05
1.055340000000000000e+05
1.062720000000000000e+05
1.070100000000000000e+05
1.077480000000000000e+05
1.084860000000000000e+05
1.092240000000000000e+05
1.099620000000000000e+05
1.107000000000000000e+05
1.114380000000000000e+05
1.121760000000000000e+05
1.129140000000000000e+05
1.136520000000000000e+05
1.143900000000000000e+05
1.151280000000000000e+05
1.158660000000000000e+05
1.166040000000000000e+05
1.173420000000000000e+05
1.180800000000000000e+05
1.188180000000000000e+05
1.195560000000000000e+05
1.202940000000000000e+05
1.210320000000000000e+05
1.217700000000000000e+05
1.225080000000000000e+05
1.232460000000000000e+05
1.239840000000000000e+05
1.247220000000000000e+05
1.254600000000000000e+05
1.261980000000000000e+05
1.269360000000000000e+05
1.276740000000000000e+05
1.284120000000000000e+05
1.291500000000000000e+05
1.298880000000000000e+05
1.306260000000000000e+05
1.313640000000000000e+05
1.321020000000000000e+05
1.328400000000000000e+05
1.335780000000000000e+05
1.343160000000000000e+05
1.350540000000000000e+05
1.357920000000000000e+05
1.365300000000000000e+05
1.372680000000000000e+05
1.380060000000000000e+05
1.387440000000000000e+05
1.394820000000000000e+05
1.402200000000000000e+05
1.409580000000000000e+05
1.416960000000000000e+05
1.424340000000000000e+05
1.431720000000000000e+05
1.439100000000000000e+05
1.446480000000000000e+05
1.453860000000000000e+05
1.461240000000000000e+05
1.468620000000000000e+05
1.476000000000000000e+05
1.483380000000000000e+05
1.490760000000000000e+05
1.498140000000000000e+05
1.505520000000000000e+05
1.512900000000000000e+05
1.520280000000000000e+05
1.527660000000000000e+05
1.535040000000000000e+05
1.542420000000000000e+05
1.549800000000000000e+05
1.557180000000000000e+05
1.564560000000000000e+05
1.571940000000000000e+05
1.579320000000000000e+05
1.586700000000000000e+05
1.594080000000000000e+05
1.601460000000000000e+05
1.608840000000000000e+05
1.616220000000000000e+05
1.623600000000000000e+05
1.630980000000000000e+05
1.638360000000000000e+05
1.645740000000000000e+05
1.653120000000000000e+05
1.660500000000000000e+05
1.667880000000000000e+05
1.675260000000000000e+05
1.682640000000000000e+05
1.690020000000000000e+05
1.697400000000000000e+05
1.704780000000000000e+05
1.712160000000000000e+05
1.719540000000000000e+05
1.726920000000000000e+05
1.734300000000000000e+05
1.741680000000000000e+05
1.749060000000000000e+05
1.756440000000000000e+05
1.763820000000000000e+05
1.771200000000000000e+05
1.778580000000000000e+05
1.785960000000000000e+05
1.793340000000000000e+05
1.800720000000000000e+05
1.808100000000000000e+05
1.815480000000000000e+05
1.822860000000000000e+05
1.830240000000000000e+05
1.837620000000000000e+05
1.845000000000000000e+05
1.852380000000000000e+05
1.859760000000000000e+05
1.867140000000000000e+05
1.874520000000000000e+05
1.881900000000000000e+05
1.889280000000000000e+05
1.896660000000000000e+05
1.904040000000000000e+05
1.911420000000000000e+05
1.918800000000000000e+05
1.926180000000000000e+05
1.933560000000000000e+05
1.940940000000000000e+05
1.948320000000000000e+05
1.955700000000000000e+05
1.963080000000000000e+05
1.970460000000000000e+05
1.977840000000000000e+05
1.985220000000000000e+05
1.992600000000000000e+05
1.999980000000000000e+05
2.007360000000000000e+05
2.014740000000000000e+05
2.022120000000000000e+05
2.029500000000000000e+05
2.036880000000000000e+05
2.044260000000000000e+05
2.051640000000000000e+05
2.059020000000000000e+05
2.066400000000000000e+05
2.073780000000000000e+05
2.081160000000000000e+05
2.088540000000000000e+05
2.095920000000000000e+05
2.103300000000000000e+05
2.110680000000000000e+05
2.118060000000000000e+05
2.125440000000000000e+05
2.132820000000000000e+05
2.140200000000000000e+05
2.147580000000000000e+05
2.154960000000000000e+05
2.162340000000000000e+05
2.169720000000000000e+05
2.177100000000000000e+05
2.184480000000000000e+05
2.191860000000000000e+05
2.199240000000000000e+05
2.206620000000000000e+05
2.214000000000000000e+05
2.221380000000000000e+05
2.228760000000000000e+05
2.236140000000000000e+05
2.243520000000000000e+05
2.250900000000000000e+05
2.258280000000000000e+05
2.265660000000000000e+05
2.273040000000000000e+05
2.280420000000000000e+05
2.287800000000000000e+05
2.295180000000000000e+05
2.302560000000000000e+05
2.309940000000000000e+05
2.317320000000000000e+05
2.324700000000000000e+05
2.332080000000000000e+05
2.339460000000000000e+05
2.346840000000000000e+05
2.354220000000000000e+05
2.361600000000000000e+05
2.368980000000000000e+05
2.376360000000000000e+05
2.383740000000000000e+05
2.391120000000000000e+05
2.398500000000000000e+05
2.405880000000000000e+05
2.413260000000000000e+05
2.420640000000000000e+05
2.428020000000000000e+05
2.435400000000000000e+05
2.442780000000000000e+05
2.450160000000000000e+05
2.457540000000000000e+05
2.464920000000000000e+05
2.472300000000000000e+05
2.479680000000000000e+05
2.487060000000000000e+05
2.494440000000000000e+05
2.501820000000000000e+05
2.509200000000000000e+05
2.516580000000000000e+05
2.523960000000000000e+05
2.531340000000000000e+05
2.538720000000000000e+05
2.546100000000000000e+05
2.553480000000000000e+05
2.560860000000000000e+05
2.568240000000000000e+05
2.575620000000000000e+05
2.583000000000000000e+05
2.590380000000000000e+05
2.597760000000000000e+05
2.605140000000000000e+05
2.612520000000000000e+05
2.619900000000000000e+05
2.627280000000000000e+05
2.634660000000000000e+05
2.642040000000000000e+05
2.649420000000000000e+05
2.656800000000000000e+05
2.664180000000000000e+05
2.671560000000000000e+05
2.678940000000000000e+05
2.686320000000000000e+05
2.693700000000000000e+05
2.701080000000000000e+05
2.708460000000000000e+05
2.715840000000000000e+05
2.723220000000000000e+05
2.730600000000000000e+05
2.737980000000000000e+05
2.745360000000000000e+05
2.752740000000000000e+05
2.760120000000000000e+05
2.767500000000000000e+05
2.774880000000000000e+05
2.782260000000000000e+05
2.789640000000000000e+05
2.797020000000000000e+05
2.804400000000000000e+05
2.811780000000000000e+05
2.819160000000000000e+05
2.826540000000000000e+05
2.833920000000000000e+05
2.841300000000000000e+05
2.848680000000000000e+05
2.856060000000000000e+05
2.863440000000000000e+05
2.870820000000000000e+05
2.878200000000000000e+05
2.885580000000000000e+05
2.892960000000000000e+05
2.900340000000000000e+05
2.907720000000000000e+05
2.915100000000000000e+05
2.922480000000000000e+05
2.929860000000000000e+05
2.937240000000000000e+05
2.944620000000000000e+05
2.952000000000000000e+05
2.959380000000000000e+05
2.966760000000000000e+05
2.974140000000000000e+05
2.981520000000000000e+05
2.988900000000000000e+05
2.996280000000000000e+05
3.003660000000000000e+05
3.011040000000000000e+05
3.018420000000000000e+05
3.025800000000000000e+05
3.033180000000000000e+05
3.040560000000000000e+05
3.047940000000000000e+05
3.055320000000000000e+05
3.062700000000000000e+05
3.070080000000000000e+05
3.077460000000000000e+05
3.084840000000000000e+05
3.092220000000000000e+05
3.099600000000000000e+05
3.106980000000000000e+05
3.114360000000000000e+05
3.121740000000000000e+05
3.129120000000000000e+05
3.136500000000000000e+05
3.143880000000000000e+05
3.151260000000000000e+05
3.158640000000000000e+05
3.166020000000000000e+05
3.173400000000000000e+05
3.180780000000000000e+05
3.188160000000000000e+05
3.195540000000000000e+05
3.202920000000000000e+05
3.210300000000000000e+05
3.217680000000000000e+05
3.225060000000000000e+05
3.232440000000000000e+05
3.239820000000000000e+05
3.247200000000000000e+05
3.254580000000000000e+05
3.261960000000000000e+05
3.269340000000000000e+05
3.276720000000000000e+05
3.284100000000000000e+05
3.291480000000000000e+05
3.298860000000000000e+05
3.306240000000000000e+05
3.313620000000000000e+05
3.321000000000000000e+05
3.328380000000000000e+05
3.335760000000000000e+05
3.343140000000000000e+05
3.350520000000000000e+05
3.357900000000000000e+05
3.365280000000000000e+05
3.372660000000000000e+05
3.380040000000000000e+05
3.387420000000000000e+05
3.394800000000000000e+05
3.402180000000000000e+05
3.409560000000000000e+05
3.416940000000000000e+05
3.424320000000000000e+05
3.431700000000000000e+05
3.439080000000000000e+05
3.446460000000000000e+05
3.453840000000000000e+05
3.461220000000000000e+05
3.468600000000000000e+05
3.475980000000000000e+05
3.483360000000000000e+05
3.490740000000000000e+05
3.498120000000000000e+05
3.505500000000000000e+05
3.512880000000000000e+05
3.520260000000000000e+05
3.527640000000000000e+05
3.535020000000000000e+05
3.542400000000000000e+05
3.549780000000000000e+05
3.557160000000000000e+05
3.564540000000000000e+05
3.571920000000000000e+05
3.579300000000000000e+05
3.586680000000000000e+05
3.594060000000000000e+05
3.601440000000000000e+05
3.608820000000000000e+05
3.616200000000000000e+05
3.623580000000000000e+05
3.630960000000000000e+05
3.638340000000000000e+05
3.645720000000000000e+05
3.653100000000000000e+05
3.660480000000000000e+05
3.667860000000000000e+05
3.675240000000000000e+05
3.682620000000000000e+05
3.690000000000000000e+05
3.697380000000000000e+05
3.704760000000000000e+05
3.712140000000000000e+05
3.719520000000000000e+05
3.726900000000000000e+05
3.734280000000000000e+05
3.741660000000000000e+05
3.749040000000000000e+05
3.756420000000000000e+05
3.763800000000000000e+05
3.771180000000000000e+05
3.778560000000000000e+05
3.785940000000000000e+05
3.793320000000000000e+05
3.800700000000000000e+05
3.808080000000000000e+05
3.815460000000000000e+05
3.822840000000000000e+05
3.830220000000000000e+05
3.837600000000000000e+05
3.844980000000000000e+05
3.852360000000000000e+05
3.859740000000000000e+05
3.867120000000000000e+05
3.874500000000000000e+05
3.881880000000000000e+05
3.889260000000000000e+05
3.896640000000000000e+05
3.904020000000000000e+05
3.911400000000000000e+05
3.918780000000000000e+05
3.926160000000000000e+05
3.933540000000000000e+05
3.940920000000000000e+05
3.948300000000000000e+05
3.955680000000000000e+05
3.963060000000000000e+05
3.970440000000000000e+05
3.977820000000000000e+05
3.985200000000000000e+05
3.992580000000000000e+05
3.999960000000000000e+05
4.007340000000000000e+05
4.014720000000000000e+05
4.022100000000000000e+05
4.029480000000000000e+05
4.036860000000000000e+05
4.044240000000000000e+05
4.051620000000000000e+05
4.059000000000000000e+05
4.066380000000000000e+05
4.073760000000000000e+05
4.081140000000000000e+05
4.088520000000000000e+05
4.095900000000000000e+05
4.103280000000000000e+05
4.110660000000000000e+05
4.118040000000000000e+05
4.125420000000000000e+05
4.132800000000000000e+05
4.140180000000000000e+05
4.147560000000000000e+05
4.154940000000000000e+05
4.162320000000000000e+05
4.169700000000000000e+05
4.177080000000000000e+05
4.184460000000000000e+05
4.191840000000000000e+05
4.199220000000000000e+05
4.206600000000000000e+05
4.213980000000000000e+05
4.221360000000000000e+05
4.228740000000000000e+05
4.236120000000000000e+05
4.243500000000000000e+05
4.250880000000000000e+05
4.258260000000000000e+05
4.265640000000000000e+05
4.273020000000000000e+05
4.280400000000000000e+05
4.287780000000000000e+05
4.295160000000000000e+05
4.302540000000000000e+05
4.309920000000000000e+05
4.317300000000000000e+05
4.324680000000000000e+05
4.332060000000000000e+05
4.339440000000000000e+05
4.346820000000000000e+05
4.354200000000000000e+05
4.361580000000000000e+05
4.368960000000000000e+05
4.376340000000000000e+05
4.383720000000000000e+05
4.391100000000000000e+05
4.398480000000000000e+05
4.405860000000000000e+05
4.413240000000000000e+05
4.420620000000000000e+05
4.428000000000000000e+05
4.435380000000000000e+05
4.442760000000000000e+05
4.450140000000000000e+05
4.457520000000000000e+05
4.464900000000000000e+05
4.472280000000000000e+05
4.479660000000000000e+05
4.487040000000000000e+05
4.494420000000000000e+05
4.501800000000000000e+05
4.509180000000000000e+05
4.516560000000000000e+05
4.523940000000000000e+05
4.531320000000000000e+05
4.538700000000000000e+05
4.546080000000000000e+05
4.553460000000000000e+05
4.560840000000000000e+05
4.568220000000000000e+05
4.575600000000000000e+05
4.582980000000000000e+05
4.590360000000000000e+05
4.597740000000000000e+05
4.605120000000000000e+05
4.612500000000000000e+05
4.619880000000000000e+05
4.627260000000000000e+05
4.634640000000000000e+05
4.642020000000000000e+05
4.649400000000000000e+05
4.656780000000000000e+05
4.664160000000000000e+05
4.671540000000000000e+05
4.678920000000000000e+05
4.686300000000000000e+05
4.693680000000000000e+05
4.701060000000000000e+05
4.708440000000000000e+05
4.715820000000000000e+05
4.723200000000000000e+05
4.730580000000000000e+05
4.737960000000000000e+05
4.745340000000000000e+05
4.752720000000000000e+05
4.760100000000000000e+05
4.767480000000000000e+05
4.774860000000000000e+05
4.782240000000000000e+05
4.789620000000000000e+05
4.797000000000000000e+05
4.804380000000000000e+05
4.811760000000000000e+05
4.819140000000000000e+05
4.826520000000000000e+05
4.833900000000000000e+05
4.841280000000000000e+05
4.848660000000000000e+05
4.856040000000000000e+05
4.863420000000000000e+05
4.870800000000000000e+05
4.878180000000000000e+05
4.885560000000000000e+05
4.892940000000000000e+05
4.900320000000000000e+05
4.907700000000000000e+05
4.915080000000000000e+05
4.922460000000000000e+05
4.929840000000000000e+05
4.937220000000000000e+05
4.944600000000000000e+05
4.951980000000000000e+05
4.959360000000000000e+05
4.966740000000000000e+05
4.974120000000000000e+05
4.981500000000000000e+05
4.988880000000000000e+05
4.996260000000000000e+05
5.003640000000000000e+05
5.011020000000000000e+05
5.018400000000000000e+05
5.025780000000000000e+05
5.033160000000000000e+05
5.040540000000000000e+05
5.047920000000000000e+05
5.055300000000000000e+05
5.062680000000000000e+05
5.070060000000000000e+05
5.077440000000000000e+05
5.084820000000000000e+05
5.092200000000000000e+05
5.099580000000000000e+05
5.106960000000000000e+05
5.114340000000000000e+05
5.121720000000000000e+05
5.129100000000000000e+05
5.136480000000000000e+05
5.143860000000000000e+05
5.151240000000000000e+05
5.158620000000000000e+05
5.166000000000000000e+05
5.173380000000000000e+05
5.180760000000000000e+05
5.188140000000000000e+05
5.195520000000000000e+05
5.202900000000000000e+05
5.210280000000000000e+05
5.217660000000000000e+05
5.225040000000000000e+05
5.232420000000000000e+05
5.239800000000000000e+05
5.247180000000000000e+05
5.254560000000000000e+05
5.261940000000000000e+05
5.269320000000000000e+05
5.276700000000000000e+05
5.284080000000000000e+05
5.291460000000000000e+05
5.298840000000000000e+05
5.306220000000000000e+05
5.313600000000000000e+05
5.320980000000000000e+05
5.328360000000000000e+05
5.335740000000000000e+05
5.343120000000000000e+05
5.350500000000000000e+05
5.357880000000000000e+05
5.365260000000000000e+05
5.372640000000000000e+05
5.380020000000000000e+05
5.387400000000000000e+05
5.394780000000000000e+05
5.402160000000000000e+05
5.409540000000000000e+05
5.416920000000000000e+05
5.424300000000000000e+05
5.431680000000000000e+05
5.439060000000000000e+05
5.446440000000000000e+05
5.453820000000000000e+05
5.461200000000000000e+05
5.468580000000000000e+05
5.475960000000000000e+05
5.483340000000000000e+05
5.490720000000000000e+05
5.498100000000000000e+05
5.505480000000000000e+05
5.512860000000000000e+05
5.520240000000000000e+05
5.527620000000000000e+05
5.535000000000000000e+05
5.542380000000000000e+05
5.549760000000000000e+05
5.557140000000000000e+05
5.564520000000000000e+05
5.571900000000000000e+05
5.579280000000000000e+05
5.586660000000000000e+05
5.594040000000000000e+05
5.601420000000000000e+05
5.608800000000000000e+05
5.616180000000000000e+05
5.623560000000000000e+05
5.630940000000000000e+05
5.638320000000000000e+05
5.645700000000000000e+05
5.653080000000000000e+05
5.660460000000000000e+05
5.667840000000000000e+05
5.675220000000000000e+05
5.682600000000000000e+05
5.689980000000000000e+05
5.697360000000000000e+05
5.704740000000000000e+05
5.712120000000000000e+05
5.719500000000000000e+05
5.726880000000000000e+05
5.734260000000000000e+05
5.741640000000000000e+05
5.749020000000000000e+05
5.756400000000000000e+05
5.763780000000000000e+05
5.771160000000000000e+05
5.778540000000000000e+05
5.785920000000000000e+05
5.793300000000000000e+05
5.800680000000000000e+05
5.808060000000000000e+05
5.815440000000000000e+05
5.822820000000000000e+05
5.830200000000000000e+05
5.837580000000000000e+05
5.844960000000000000e+05
5.852340000000000000e+05
5.859720000000000000e+05
5.867100000000000000e+05
5.874480000000000000e+05
5.881860000000000000e+05
5.889240000000000000e+05
5.896620000000000000e+05
5.904000000000000000e+05
5.911380000000000000e+05
5.918760000000000000e+05
5.926140000000000000e+05
5.933520000000000000e+05
5.940900000000000000e+05
5.948280000000000000e+05
5.955660000000000000e+05
5.963040000000000000e+05
5.970420000000000000e+05
5.977800000000000000e+05
5.985180000000000000e+05
5.992560000000000000e+05
5.999940000000000000e+05
6.007320000000000000e+05
6.014700000000000000e+05
6.022080000000000000e+05
6.029460000000000000e+05
6.036840000000000000e+05
6.044220000000000000e+05
6.051600000000000000e+05
6.058980000000000000e+05
6.066360000000000000e+05
6.073740000000000000e+05
6.081120000000000000e+05
6.088500000000000000e+05
6.095880000000000000e+05
6.103260000000000000e+05
6.110640000000000000e+05
6.118020000000000000e+05
6.125400000000000000e+05
6.132780000000000000e+05
6.140160000000000000e+05
6.147540000000000000e+05
6.154920000000000000e+05
6.162300000000000000e+05
6.169680000000000000e+05
6.177060000000000000e+05
6.184440000000000000e+05
6.191820000000000000e+05
6.199200000000000000e+05
6.206580000000000000e+05
6.213960000000000000e+05
6.221340000000000000e+05
6.228720000000000000e+05
6.236100000000000000e+05
6.243480000000000000e+05
6.250860000000000000e+05
6.258240000000000000e+05
6.265620000000000000e+05
6.273000000000000000e+05
6.280380000000000000e+05
6.287760000000000000e+05
6.295140000000000000e+05
6.302520000000000000e+05
6.309900000000000000e+05
6.317280000000000000e+05
6.324660000000000000e+05
6.332040000000000000e+05
6.339420000000000000e+05
6.346800000000000000e+05
6.354180000000000000e+05
6.361560000000000000e+05
6.368940000000000000e+05
6.376320000000000000e+05
6.383700000000000000e+05
6.391080000000000000e+05
6.398460000000000000e+05
6.405840000000000000e+05
6.413220000000000000e+05
6.420600000000000000e+05
6.427980000000000000e+05
6.435360000000000000e+05
6.442740000000000000e+05
6.450120000000000000e+05
6.457500000000000000e+05
6.464880000000000000e+05
6.472260000000000000e+05
6.479640000000000000e+05
6.487020000000000000e+05
6.494400000000000000e+05
6.501780000000000000e+05
6.509160000000000000e+05
6.516540000000000000e+05
6.523920000000000000e+05
6.531300000000000000e+05
6.538680000000000000e+05
6.546060000000000000e+05
6.553440000000000000e+05
6.560820000000000000e+05
6.568200000000000000e+05
6.575580000000000000e+05
6.582960000000000000e+05
6.590340000000000000e+05
6.597720000000000000e+05
6.605100000000000000e+05
6.612480000000000000e+05
6.619860000000000000e+05
6.627240000000000000e+05
6.634620000000000000e+05
6.642000000000000000e+05
6.649380000000000000e+05
6.656760000000000000e+05
6.664140000000000000e+05
6.671520000000000000e+05
6.678900000000000000e+05
6.686280000000000000e+05
6.693660000000000000e+05
6.701040000000000000e+05
6.708420000000000000e+05
6.715800000000000000e+05
6.723180000000000000e+05
6.730560000000000000e+05
6.737940000000000000e+05
6.745320000000000000e+05
6.752700000000000000e+05
6.760080000000000000e+05
6.767460000000000000e+05
6.774840000000000000e+05
6.782220000000000000e+05
6.789600000000000000e+05
6.796980000000000000e+05
6.804360000000000000e+05
6.811740000000000000e+05
6.819120000000000000e+05
6.826500000000000000e+05
6.833880000000000000e+05
6.841260000000000000e+05
6.848640000000000000e+05
6.856020000000000000e+05
6.863400000000000000e+05
6.870780000000000000e+05
6.878160000000000000e+05
6.885540000000000000e+05
6.892920000000000000e+05
6.900300000000000000e+05
6.907680000000000000e+05
6.915060000000000000e+05
6.922440000000000000e+05
6.929820000000000000e+05
6.937200000000000000e+05
6.944580000000000000e+05
6.951960000000000000e+05
6.959340000000000000e+05
6.966720000000000000e+05
6.974100000000000000e+05
6.981480000000000000e+05
6.988860000000000000e+05
6.996240000000000000e+05
7.003620000000000000e+05
7.011000000000000000e+05
7.018380000000000000e+05
7.025760000000000000e+05
7.033140000000000000e+05
7.040520000000000000e+05
7.047900000000000000e+05
7.055280000000000000e+05
7.062660000000000000e+05
7.070040000000000000e+05
7.077420000000000000e+05
7.084800000000000000e+05
7.092180000000000000e+05
7.099560000000000000e+05
7.106940000000000000e+05
7.114320000000000000e+05
7.121700000000000000e+05
7.129080000000000000e+05
7.136460000000000000e+05
7.143840000000000000e+05
7.151220000000000000e+05
7.158600000000000000e+05
7.165980000000000000e+05
7.173360000000000000e+05
7.180740000000000000e+05
7.188120000000000000e+05
7.195500000000000000e+05
7.202880000000000000e+05
7.210260000000000000e+05
7.217640000000000000e+05
7.225020000000000000e+05
7.232400000000000000e+05
7.239780000000000000e+05
7.247160000000000000e+05
7.254540000000000000e+05
7.261920000000000000e+05
7.269300000000000000e+05
7.276680000000000000e+05
7.284060000000000000e+05
7.291440000000000000e+05
7.298820000000000000e+05
7.306200000000000000e+05
7.313580000000000000e+05
7.320960000000000000e+05
7.328340000000000000e+05
7.335720000000000000e+05
7.343100000000000000e+05
7.350480000000000000e+05
7.357860000000000000e+05
7.365240000000000000e+05
7.372620000000000000e+05
7.380000000000000000e+05
