3.689060000000000000e+05
3.674300000000000000e+05
3.659540000000000000e+05
3.644780000000000000e+05
3.630020000000000000e+05
3.615260000000000000e+05
3.600500000000000000e+05
3.585740000000000000e+05
3.570980000000000000e+05
3.556220000000000000e+05
3.541460000000000000e+05
3.526700000000000000e+05
3.511940000000000000e+05
3.497180000000000000e+05
3.482420000000000000e+05
3.467660000000000000e+05
3.452900000000000000e+05
3.438140000000000000e+05
3.423380000000000000e+05
3.408620000000000000e+05
3.393860000000000000e+05
3.379100000000000000e+05
3.364340000000000000e+05
3.349580000000000000e+05
3.334820000000000000e+05
3.320060000000000000e+05
3.305300000000000000e+05
3.290540000000000000e+05
3.275780000000000000e+05
3.261020000000000000e+05
3.246260000000000000e+05
3.231500000000000000e+05
3.216740000000000000e+05
3.201980000000000000e+05
3.187220000000000000e+05
3.172460000000000000e+05
3.157700000000000000e+05
3.142940000000000000e+05
3.128180000000000000e+05
3.113420000000000000e+05
3.098660000000000000e+05
3.083900000000000000e+05
3.069140000000000000e+05
3.054380000000000000e+05
3.039620000000000000e+05
3.024860000000000000e+05
3.010100000000000000e+05
2.995340000000000000e+05
2.980580000000000000e+05
2.965820000000000000e+05
2.951060000000000000e+05
2.936300000000000000e+05
2.921540000000000000e+05
2.906780000000000000e+05
2.892020000000000000e+05
2.877260000000000000e+05
2.862500000000000000e+05
2.847740000000000000e+05
2.832980000000000000e+05
2.818220000000000000e+05
2.803460000000000000e+05
2.788700000000000000e+05
2.773940000000000000e+05
2.759180000000000000e+05
2.744420000000000000e+05
2.729660000000000000e+05
2.714900000000000000e+05
2.700140000000000000e+05
2.685380000000000000e+05
2.670620000000000000e+05
2.655860000000000000e+05
2.641100000000000000e+05
2.626340000000000000e+05
2.611580000000000000e+05
2.596820000000000000e+05
2.582060000000000000e+05
2.567300000000000000e+05
2.552540000000000000e+05
2.537780000000000000e+05
2.523020000000000000e+05
2.508260000000000000e+05
2.493500000000000000e+05
2.478740000000000000e+05
2.463980000000000000e+05
2.449220000000000000e+05
2.434460000000000000e+05
2.419700000000000000e+05
2.404940000000000000e+05
2.390180000000000000e+05
2.375420000000000000e+05
2.360660000000000000e+05
2.345900000000000000e+05
2.331140000000000000e+05
2.316380000000000000e+05
2.301620000000000000e+05
2.286860000000000000e+05
2.272100000000000000e+05
2.257340000000000000e+05
2.242580000000000000e+05
2.227820000000000000e+05
2.213060000000000000e+05
2.198300000000000000e+05
2.183540000000000000e+05
2.168780000000000000e+05
2.154020000000000000e+05
2.139260000000000000e+05
2.124500000000000000e+05
2.109740000000000000e+05
2.094980000000000000e+05
2.080220000000000000e+05
2.065460000000000000e+05
2.050700000000000000e+05
2.035940000000000000e+05
2.021180000000000000e+05
2.006420000000000000e+05
1.991660000000000000e+05
1.976900000000000000e+05
1.962140000000000000e+05
1.947380000000000000e+05
1.932620000000000000e+05
1.917860000000000000e+05
1.903100000000000000e+05
1.888340000000000000e+05
1.873580000000000000e+05
1.858820000000000000e+05
1.844060000000000000e+05
1.829300000000000000e+05
1.814540000000000000e+05
1.799780000000000000e+05
1.785020000000000000e+05
1.770260000000000000e+05
1.755500000000000000e+05
1.740740000000000000e+05
1.725980000000000000e+05
1.711220000000000000e+05
1.696460000000000000e+05
1.681700000000000000e+05
1.666940000000000000e+05
1.652180000000000000e+05
1.637420000000000000e+05
1.622660000000000000e+05
1.607900000000000000e+05
1.593140000000000000e+05
1.578380000000000000e+05
1.563620000000000000e+05
1.548860000000000000e+05
1.534100000000000000e+05
1.519340000000000000e+05
1.504580000000000000e+05
1.489820000000000000e+05
1.475060000000000000e+05
1.460300000000000000e+05
1.445540000000000000e+05
1.430780000000000000e+05
1.416020000000000000e+05
1.401260000000000000e+05
1.386500000000000000e+05
1.371740000000000000e+05
1.356980000000000000e+05
1.342220000000000000e+05
1.327460000000000000e+05
1.312700000000000000e+05
1.297940000000000000e+05
1.283180000000000000e+05
1.268420000000000000e+05
1.253660000000000000e+05
1.238900000000000000e+05
1.224140000000000000e+05
1.209380000000000000e+05
1.194620000000000000e+05
1.179860000000000000e+05
1.165100000000000000e+05
1.150340000000000000e+05
1.135580000000000000e+05
1.120820000000000000e+05
1.106060000000000000e+05
1.091300000000000000e+05
1.076540000000000000e+05
1.061780000000000000e+05
1.047020000000000000e+05
1.032260000000000000e+05
1.017500000000000000e+05
1.002740000000000000e+05
9.879800000000000000e+04
9.732200000000000000e+04
9.584600000000000000e+04
9.437000000000000000e+04
9.289400000000000000e+04
9.141800000000000000e+04
8.994200000000000000e+04
8.846600000000000000e+04
8.699000000000000000e+04
8.551400000000000000e+04
8.403800000000000000e+04
8.256200000000000000e+04
8.108600000000000000e+04
7.961000000000000000e+04
7.813400000000000000e+04
7.665800000000000000e+04
7.518200000000000000e+04
7.370600000000000000e+04
7.223000000000000000e+04
7.075400000000000000e+04
6.927800000000000000e+04
6.780200000000000000e+04
6.632600000000000000e+04
6.485000000000000000e+04
6.337400000000000000e+04
6.189800000000000000e+04
6.042200000000000000e+04
5.894600000000000000e+04
5.747000000000000000e+04
5.599400000000000000e+04
5.451800000000000000e+04
5.304200000000000000e+04
5.156600000000000000e+04
5.009000000000000000e+04
4.861400000000000000e+04
4.713800000000000000e+04
4.566200000000000000e+04
4.418600000000000000e+04
4.271000000000000000e+04
4.123400000000000000e+04
3.975800000000000000e+04
3.828200000000000000e+04
3.680600000000000000e+04
3.533000000000000000e+04
3.385400000000000000e+04
3.237800000000000000e+04
3.090200000000000000e+04
2.942600000000000000e+04
2.795000000000000000e+04
2.647400000000000000e+04
2.499800000000000000e+04
2.352200000000000000e+04
2.204600000000000000e+04
2.057000000000000000e+04
1.909400000000000000e+04
1.761800000000000000e+04
1.614200000000000000e+04
1.466600000000000000e+04
1.319000000000000000e+04
1.171400000000000000e+04
1.023800000000000000e+04
8.762000000000000000e+03
7.286000000000000000e+03
5.810000000000000000e+03
4.334000000000000000e+03
2.858000000000000000e+03
1.382000000000000000e+03
-9.400000000000000000e+01
-1.570000000000000000e+03
-3.046000000000000000e+03
-4.522000000000000000e+03
-5.998000000000000000e+03
-7.474000000000000000e+03
-8.950000000000000000e+03
-1.042600000000000000e+04
-1.190200000000000000e+04
-1.337800000000000000e+04
-1.485400000000000000e+04
-1.633000000000000000e+04
-1.780600000000000000e+04
-1.928200000000000000e+04
-2.075800000000000000e+04
-2.223400000000000000e+04
-2.371000000000000000e+04
-2.518600000000000000e+04
-2.666200000000000000e+04
-2.813800000000000000e+04
-2.961400000000000000e+04
-3.109000000000000000e+04
-3.256600000000000000e+04
-3.404200000000000000e+04
-3.551800000000000000e+04
-3.699400000000000000e+04
-3.847000000000000000e+04
-3.994600000000000000e+04
-4.142200000000000000e+04
-4.289800000000000000e+04
-4.437400000000000000e+04
-4.585000000000000000e+04
-4.732600000000000000e+04
-4.880200000000000000e+04
-5.027800000000000000e+04
-5.175400000000000000e+04
-5.323000000000000000e+04
-5.470600000000000000e+04
-5.618200000000000000e+04
-5.765800000000000000e+04
-5.913400000000000000e+04
-6.061000000000000000e+04
-6.208600000000000000e+04
-6.356200000000000000e+04
-6.503800000000000000e+04
-6.651400000000000000e+04
-6.799000000000000000e+04
-6.946600000000000000e+04
-7.094200000000000000e+04
-7.241800000000000000e+04
-7.389400000000000000e+04
-7.537000000000000000e+04
-7.684600000000000000e+04
-7.832200000000000000e+04
-7.979800000000000000e+04
-8.127400000000000000e+04
-8.275000000000000000e+04
-8.422600000000000000e+04
-8.570200000000000000e+04
-8.717800000000000000e+04
-8.865400000000000000e+04
-9.013000000000000000e+04
-9.160600000000000000e+04
-9.308200000000000000e+04
-9.455800000000000000e+04
-9.603400000000000000e+04
-9.751000000000000000e+04
-9.898600000000000000e+04
-1.004620000000000000e+05
-1.019380000000000000e+05
-1.034140000000000000e+05
-1.048900000000000000e+05
-1.063660000000000000e+05
-1.078420000000000000e+05
-1.093180000000000000e+05
-1.107940000000000000e+05
-1.122700000000000000e+05
-1.137460000000000000e+05
-1.152220000000000000e+05
-1.166980000000000000e+05
-1.181740000000000000e+05
-1.196500000000000000e+05
-1.211260000000000000e+05
-1.226020000000000000e+05
-1.240780000000000000e+05
-1.255540000000000000e+05
-1.270300000000000000e+05
-1.285060000000000000e+05
-1.299820000000000000e+05
-1.314580000000000000e+05
-1.329340000000000000e+05
-1.344100000000000000e+05
-1.358860000000000000e+05
-1.373620000000000000e+05
-1.388380000000000000e+05
-1.403140000000000000e+05
-1.417900000000000000e+05
-1.432660000000000000e+05
-1.447420000000000000e+05
-1.462180000000000000e+05
-1.476940000000000000e+05
-1.491700000000000000e+05
-1.506460000000000000e+05
-1.521220000000000000e+05
-1.535980000000000000e+05
-1.550740000000000000e+05
-1.565500000000000000e+05
-1.580260000000000000e+05
-1.595020000000000000e+05
-1.609780000000000000e+05
-1.624540000000000000e+05
-1.639300000000000000e+05
-1.654060000000000000e+05
-1.668820000000000000e+05
-1.683580000000000000e+05
-1.698340000000000000e+05
-1.713100000000000000e+05
-1.727860000000000000e+05
-1.742620000000000000e+05
-1.757380000000000000e+05
-1.772140000000000000e+05
-1.786900000000000000e+05
-1.801660000000000000e+05
-1.816420000000000000e+05
-1.831180000000000000e+05
-1.845940000000000000e+05
-1.860700000000000000e+05
-1.875460000000000000e+05
-1.890220000000000000e+05
-1.904980000000000000e+05
-1.919740000000000000e+05
-1.934500000000000000e+05
-1.949260000000000000e+05
-1.964020000000000000e+05
-1.978780000000000000e+05
-1.993540000000000000e+05
-2.008300000000000000e+05
-2.023060000000000000e+05
-2.037820000000000000e+05
-2.052580000000000000e+05
-2.067340000000000000e+05
-2.082100000000000000e+05
-2.096860000000000000e+05
-2.111620000000000000e+05
-2.126380000000000000e+05
-2.141140000000000000e+05
-2.155900000000000000e+05
-2.170660000000000000e+05
-2.185420000000000000e+05
-2.200180000000000000e+05
-2.214940000000000000e+05
-2.229700000000000000e+05
-2.244460000000000000e+05
-2.259220000000000000e+05
-2.273980000000000000e+05
-2.288740000000000000e+05
-2.303500000000000000e+05
-2.318260000000000000e+05
-2.333020000000000000e+05
-2.347780000000000000e+05
-2.362540000000000000e+05
-2.377300000000000000e+05
-2.392060000000000000e+05
-2.406820000000000000e+05
-2.421580000000000000e+05
-2.436340000000000000e+05
-2.451100000000000000e+05
-2.465860000000000000e+05
-2.480620000000000000e+05
-2.495380000000000000e+05
-2.510140000000000000e+05
-2.524900000000000000e+05
-2.539660000000000000e+05
-2.554420000000000000e+05
-2.569180000000000000e+05
-2.583940000000000000e+05
-2.598700000000000000e+05
-2.613460000000000000e+05
-2.628220000000000000e+05
-2.642980000000000000e+05
-2.657740000000000000e+05
-2.672500000000000000e+05
-2.687260000000000000e+05
-2.702020000000000000e+05
-2.716780000000000000e+05
-2.731540000000000000e+05
-2.746300000000000000e+05
-2.761060000000000000e+05
-2.775820000000000000e+05
-2.790580000000000000e+05
-2.805340000000000000e+05
-2.820100000000000000e+05
-2.834860000000000000e+05
-2.849620000000000000e+05
-2.864380000000000000e+05
-2.879140000000000000e+05
-2.893900000000000000e+05
-2.908660000000000000e+05
-2.923420000000000000e+05
-2.938180000000000000e+05
-2.952940000000000000e+05
-2.967700000000000000e+05
-2.982460000000000000e+05
-2.997220000000000000e+05
-3.011980000000000000e+05
-3.026740000000000000e+05
-3.041500000000000000e+05
-3.056260000000000000e+05
-3.071020000000000000e+05
-3.085780000000000000e+05
-3.100540000000000000e+05
-3.115300000000000000e+05
-3.130060000000000000e+05
-3.144820000000000000e+05
-3.159580000000000000e+05
-3.174340000000000000e+05
-3.189100000000000000e+05
-3.203860000000000000e+05
-3.218620000000000000e+05
-3.233380000000000000e+05
-3.248140000000000000e+05
-3.262900000000000000e+05
-3.277660000000000000e+05
-3.292420000000000000e+05
-3.307180000000000000e+05
-3.321940000000000000e+05
-3.336700000000000000e+05
-3.351460000000000000e+05
-3.366220000000000000e+05
-3.380980000000000000e+05
-3.395740000000000000e+05
-3.410500000000000000e+05
-3.425260000000000000e+05
-3.440020000000000000e+05
-3.454780000000000000e+05
-3.469540000000000000e+05
-3.484300000000000000e+05
-3.499060000000000000e+05
-3.513820000000000000e+05
-3.528580000000000000e+05
-3.543340000000000000e+05
-3.558100000000000000e+05
-3.572860000000000000e+05
-3.587620000000000000e+05
-3.602380000000000000e+05
-3.617140000000000000e+05
-3.631900000000000000e+05
-3.646660000000000000e+05
-3.661420000000000000e+05
-3.676180000000000000e+05
-3.690940000000000000e+05
