# FTS Scan Points File
# 	Resolution: 4.0 GHz
# 	Range: 500.0 GHz
# 	Microstep Resolution: 10, Steps per inch: 125000.0
# 	Number of Positions: 501
# 	Default Scan Time: 29.225 minutes
-1.845000000000000000e+05
-1.837620000000000000e+05
-1.830240000000000000e+05
-1.822860000000000000e+05
-1.815480000000000000e+05
-1.808100000000000000e+05
-1.800720000000000000e+05
-1.793340000000000000e+05
-1.785960000000000000e+05
-1.778580000000000000e+05
-1.771200000000000000e+05
-1.763820000000000000e+05
-1.756440000000000000e+05
-1.749060000000000000e+05
-1.741680000000000000e+05
-1.734300000000000000e+05
-1.726920000000000000e+05
-1.719540000000000000e+05
-1.712160000000000000e+05
-1.704780000000000000e+05
-1.697400000000000000e+05
-1.690020000000000000e+05
-1.682640000000000000e+05
-1.675260000000000000e+05
-1.667880000000000000e+05
-1.660500000000000000e+05
-1.653120000000000000e+05
-1.645740000000000000e+05
-1.638360000000000000e+05
-1.630980000000000000e+05
-1.623600000000000000e+05
-1.616220000000000000e+05
-1.608840000000000000e+05
-1.601460000000000000e+05
-1.594080000000000000e+05
-1.586700000000000000e+05
-1.579320000000000000e+05
-1.571940000000000000e+05
-1.564560000000000000e+05
-1.557180000000000000e+05
-1.549800000000000000e+05
-1.542420000000000000e+05
-1.535040000000000000e+05
-1.527660000000000000e+05
-1.520280000000000000e+05
-1.512900000000000000e+05
-1.505520000000000000e+05
-1.498140000000000000e+05
-1.490760000000000000e+05
-1.483380000000000000e+05
-1.476000000000000000e+05
-1.468620000000000000e+05
-1.461240000000000000e+05
-1.453860000000000000e+05
-1.446480000000000000e+05
-1.439100000000000000e+05
-1.431720000000000000e+05
-1.424340000000000000e+05
-1.416960000000000000e+05
-1.409580000000000000e+05
-1.402200000000000000e+05
-1.394820000000000000e+05
-1.387440000000000000e+05
-1.380060000000000000e+05
-1.372680000000000000e+05
-1.365300000000000000e+05
-1.357920000000000000e+05
-1.350540000000000000e+05
-1.343160000000000000e+05
-1.335780000000000000e+05
-1.328400000000000000e+05
-1.321020000000000000e+05
-1.313640000000000000e+05
-1.306260000000000000e+05
-1.298880000000000000e+05
-1.291500000000000000e+05
-1.284120000000000000e+05
-1.276740000000000000e+05
-1.269360000000000000e+05
-1.261980000000000000e+05
-1.254600000000000000e+05
-1.247220000000000000e+05
-1.239840000000000000e+05
-1.232460000000000000e+05
-1.225080000000000000e+05
-1.217700000000000000e+05
-1.210320000000000000e+05
-1.202940000000000000e+05
-1.195560000000000000e+05
-1.188180000000000000e+05
-1.180800000000000000e+05
-1.173420000000000000e+05
-1.166040000000000000e+05
-1.158660000000000000e+05
-1.151280000000000000e+05
-1.143900000000000000e+05
-1.136520000000000000e+05
-1.129140000000000000e+05
-1.121760000000000000e+05
-1.114380000000000000e+05
-1.107000000000000000e+05
-1.099620000000000000e+05
-1.092240000000000000e+05
-1.084860000000000000e+05
-1.077480000000000000e+05
-1.070100000000000000e+05
-1.062720000000000000e+05
-1.055340000000000000e+05
-1.047960000000000000e+05
-1.040580000000000000e+05
-1.033200000000000000e+05
-1.025820000000000000e+05
-1.018440000000000000e+05
-1.011060000000000000e+05
-1.003680000000000000e+05
-9.963000000000000000e+04
-9.889200000000000000e+04
-9.815400000000000000e+04
-9.741600000000000000e+04
-9.667800000000000000e+04
-9.594000000000000000e+04
-9.520200000000000000e+04
-9.446400000000000000e+04
-9.372600000000000000e+04
-9.298800000000000000e+04
-9.225000000000000000e+04
-9.151200000000000000e+04
-9.077400000000000000e+04
-9.003600000000000000e+04
-8.929800000000000000e+04
-8.856000000000000000e+04
-8.782200000000000000e+04
-8.708400000000000000e+04
-8.634600000000000000e+04
-8.560800000000000000e+04
-8.487000000000000000e+04
-8.413200000000000000e+04
-8.339400000000000000e+04
-8.265600000000000000e+04
-8.191800000000000000e+04
-8.118000000000000000e+04
-8.044200000000000000e+04
-7.970400000000000000e+04
-7.896600000000000000e+04
-7.822800000000000000e+04
-7.749000000000000000e+04
-7.675200000000000000e+04
-7.601400000000000000e+04
-7.527600000000000000e+04
-7.453800000000000000e+04
-7.380000000000000000e+04
-7.306200000000000000e+04
-7.232400000000000000e+04
-7.158600000000000000e+04
-7.084800000000000000e+04
-7.011000000000000000e+04
-6.937200000000000000e+04
-6.863400000000000000e+04
-6.789600000000000000e+04
-6.715800000000000000e+04
-6.642000000000000000e+04
-6.568200000000000000e+04
-6.494400000000000000e+04
-6.420600000000000000e+04
-6.346800000000000000e+04
-6.273000000000000000e+04
-6.199200000000000000e+04
-6.125400000000000000e+04
-6.051600000000000000e+04
-5.977800000000000000e+04
-5.904000000000000000e+04
-5.830200000000000000e+04
-5.756400000000000000e+04
-5.682600000000000000e+04
-5.608800000000000000e+04
-5.535000000000000000e+04
-5.461200000000000000e+04
-5.387400000000000000e+04
-5.313600000000000000e+04
-5.239800000000000000e+04
-5.166000000000000000e+04
-5.092200000000000000e+04
-5.018400000000000000e+04
-4.944600000000000000e+04
-4.870800000000000000e+04
-4.797000000000000000e+04
-4.723200000000000000e+04
-4.649400000000000000e+04
-4.575600000000000000e+04
-4.501800000000000000e+04
-4.428000000000000000e+04
-4.354200000000000000e+04
-4.280400000000000000e+04
-4.206600000000000000e+04
-4.132800000000000000e+04
-4.059000000000000000e+04
-3.985200000000000000e+04
-3.911400000000000000e+04
-3.837600000000000000e+04
-3.763800000000000000e+04
-3.690000000000000000e+04
-3.616200000000000000e+04
-3.542400000000000000e+04
-3.468600000000000000e+04
-3.394800000000000000e+04
-3.321000000000000000e+04
-3.247200000000000000e+04
-3.173400000000000000e+04
-3.099600000000000000e+04
-3.025800000000000000e+04
-2.952000000000000000e+04
-2.878200000000000000e+04
-2.804400000000000000e+04
-2.730600000000000000e+04
-2.656800000000000000e+04
-2.583000000000000000e+04
-2.509200000000000000e+04
-2.435400000000000000e+04
-2.361600000000000000e+04
-2.287800000000000000e+04
-2.214000000000000000e+04
-2.140200000000000000e+04
-2.066400000000000000e+04
-1.992600000000000000e+04
-1.918800000000000000e+04
-1.845000000000000000e+04
-1.771200000000000000e+04
-1.697400000000000000e+04
-1.623600000000000000e+04
-1.549800000000000000e+04
-1.476000000000000000e+04
-1.402200000000000000e+04
-1.328400000000000000e+04
-1.254600000000000000e+04
-1.180800000000000000e+04
-1.107000000000000000e+04
-1.033200000000000000e+04
-9.594000000000000000e+03
-8.856000000000000000e+03
-8.118000000000000000e+03
-7.380000000000000000e+03
-6.642000000000000000e+03
-5.904000000000000000e+03
-5.166000000000000000e+03
-4.428000000000000000e+03
-3.690000000000000000e+03
-2.952000000000000000e+03
-2.214000000000000000e+03
-1.476000000000000000e+03
-7.380000000000000000e+02
0.000000000000000000e+00
7.380000000000000000e+02
1.476000000000000000e+03
2.214000000000000000e+03
2.952000000000000000e+03
3.690000000000000000e+03
4.428000000000000000e+03
5.166000000000000000e+03
5.904000000000000000e+03
6.642000000000000000e+03
7.380000000000000000e+03
8.118000000000000000e+03
8.856000000000000000e+03
9.594000000000000000e+03
1.033200000000000000e+04
1.107000000000000000e+04
1.180800000000000000e+04
1.254600000000000000e+04
1.328400000000000000e+04
1.402200000000000000e+04
1.476000000000000000e+04
1.549800000000000000e+04
1.623600000000000000e+04
1.697400000000000000e+04
1.771200000000000000e+04
1.845000000000000000e+04
1.918800000000000000e+04
1.992600000000000000e+04
2.066400000000000000e+04
2.140200000000000000e+04
2.214000000000000000e+04
2.287800000000000000e+04
2.361600000000000000e+04
2.435400000000000000e+04
2.509200000000000000e+04
2.583000000000000000e+04
2.656800000000000000e+04
2.730600000000000000e+04
2.804400000000000000e+04
2.878200000000000000e+04
2.952000000000000000e+04
3.025800000000000000e+04
3.099600000000000000e+04
3.173400000000000000e+04
3.247200000000000000e+04
3.321000000000000000e+04
3.394800000000000000e+04
3.468600000000000000e+04
3.542400000000000000e+04
3.616200000000000000e+04
3.690000000000000000e+04
3.763800000000000000e+04
3.837600000000000000e+04
3.911400000000000000e+04
3.985200000000000000e+04
4.059000000000000000e+04
4.132800000000000000e+04
4.206600000000000000e+04
4.280400000000000000e+04
4.354200000000000000e+04
4.428000000000000000e+04
4.501800000000000000e+04
4.575600000000000000e+04
4.649400000000000000e+04
4.723200000000000000e+04
4.797000000000000000e+04
4.870800000000000000e+04
4.944600000000000000e+04
5.018400000000000000e+04
5.092200000000000000e+04
5.166000000000000000e+04
5.239800000000000000e+04
5.313600000000000000e+04
5.387400000000000000e+04
5.461200000000000000e+04
5.535000000000000000e+04
5.608800000000000000e+04
5.682600000000000000e+04
5.756400000000000000e+04
5.830200000000000000e+04
5.904000000000000000e+04
5.977800000000000000e+04
6.051600000000000000e+04
6.125400000000000000e+04
6.199200000000000000e+04
6.273000000000000000e+04
6.346800000000000000e+04
6.420600000000000000e+04
6.494400000000000000e+04
6.568200000000000000e+04
6.642000000000000000e+04
6.715800000000000000e+04
6.789600000000000000e+04
6.863400000000000000e+04
6.937200000000000000e+04
7.011000000000000000e+04
7.084800000000000000e+04
7.158600000000000000e+04
7.232400000000000000e+04
7.306200000000000000e+04
7.380000000000000000e+04
7.453800000000000000e+04
7.527600000000000000e+04
7.601400000000000000e+04
7.675200000000000000e+04
7.749000000000000000e+04
7.822800000000000000e+04
7.896600000000000000e+04
7.970400000000000000e+04
8.044200000000000000e+04
8.118000000000000000e+04
8.191800000000000000e+04
8.265600000000000000e+04
8.339400000000000000e+04
8.413200000000000000e+04
8.487000000000000000e+04
8.560800000000000000e+04
8.634600000000000000e+04
8.708400000000000000e+04
8.782200000000000000e+04
8.856000000000000000e+04
8.929800000000000000e+04
9.003600000000000000e+04
9.077400000000000000e+04
9.151200000000000000e+04
9.225000000000000000e+04
9.298800000000000000e+04
9.372600000000000000e+04
9.446400000000000000e+04
9.520200000000000000e+04
9.594000000000000000e+04
9.667800000000000000e+04
9.741600000000000000e+04
9.815400000000000000e+04
9.889200000000000000e+04
9.963000000000000000e+04
1.003680000000000000e+05
1.011060000000000000e+05
1.018440000000000000e+05
1.025820000000000000e+05
1.033200000000000000e+05
1.040580000000000000e+05
1.047960000000000000e+05
1.055340000000000000e+05
1.062720000000000000e+05
1.070100000000000000e+05
1.077480000000000000e+05
1.084860000000000000e+05
1.092240000000000000e+05
1.099620000000000000e+05
1.107000000000000000e+05
1.114380000000000000e+05
1.121760000000000000e+05
1.129140000000000000e+05
1.136520000000000000e+05
1.143900000000000000e+05
1.151280000000000000e+05
1.158660000000000000e+05
1.166040000000000000e+05
1.173420000000000000e+05
1.180800000000000000e+05
1.188180000000000000e+05
1.195560000000000000e+05
1.202940000000000000e+05
1.210320000000000000e+05
1.217700000000000000e+05
1.225080000000000000e+05
1.232460000000000000e+05
1.239840000000000000e+05
1.247220000000000000e+05
1.254600000000000000e+05
1.261980000000000000e+05
1.269360000000000000e+05
1.276740000000000000e+05
1.284120000000000000e+05
1.291500000000000000e+05
1.298880000000000000e+05
1.306260000000000000e+05
1.313640000000000000e+05
1.321020000000000000e+05
1.328400000000000000e+05
1.335780000000000000e+05
1.343160000000000000e+05
1.350540000000000000e+05
1.357920000000000000e+05
1.365300000000000000e+05
1.372680000000000000e+05
1.380060000000000000e+05
1.387440000000000000e+05
1.394820000000000000e+05
1.402200000000000000e+05
1.409580000000000000e+05
1.416960000000000000e+05
1.424340000000000000e+05
1.431720000000000000e+05
1.439100000000000000e+05
1.446480000000000000e+05
1.453860000000000000e+05
1.461240000000000000e+05
1.468620000000000000e+05
1.476000000000000000e+05
1.483380000000000000e+05
1.490760000000000000e+05
1.498140000000000000e+05
1.505520000000000000e+05
1.512900000000000000e+05
1.520280000000000000e+05
1.527660000000000000e+05
1.535040000000000000e+05
1.542420000000000000e+05
1.549800000000000000e+05
1.557180000000000000e+05
1.564560000000000000e+05
1.571940000000000000e+05
1.579320000000000000e+05
1.586700000000000000e+05
1.594080000000000000e+05
1.601460000000000000e+05
1.608840000000000000e+05
1.616220000000000000e+05
1.623600000000000000e+05
1.630980000000000000e+05
1.638360000000000000e+05
1.645740000000000000e+05
1.653120000000000000e+05
1.660500000000000000e+05
1.667880000000000000e+05
1.675260000000000000e+05
1.682640000000000000e+05
1.690020000000000000e+05
1.697400000000000000e+05
1.704780000000000000e+05
1.712160000000000000e+05
1.719540000000000000e+05
1.726920000000000000e+05
1.734300000000000000e+05
1.741680000000000000e+05
1.749060000000000000e+05
1.756440000000000000e+05
1.763820000000000000e+05
1.771200000000000000e+05
1.778580000000000000e+05
1.785960000000000000e+05
1.793340000000000000e+05
1.800720000000000000e+05
1.808100000000000000e+05
1.815480000000000000e+05
1.822860000000000000e+05
1.830240000000000000e+05
1.837620000000000000e+05
1.845000000000000000e+05
