# FTS Scan Points File
# 	Resolution: 1.0 GHz
# 	Range: 500.0 GHz
# 	Microstep Resolution: 10, Steps per inch: 125000.0
# 	Default Scan Time: 116.725
7.378110000000000000e+05
7.370730000000000000e+05
7.363350000000000000e+05
7.355970000000000000e+05
7.348590000000000000e+05
7.341210000000000000e+05
7.333830000000000000e+05
7.326450000000000000e+05
7.319070000000000000e+05
7.311690000000000000e+05
7.304310000000000000e+05
7.296930000000000000e+05
7.289550000000000000e+05
7.282170000000000000e+05
7.274790000000000000e+05
7.267410000000000000e+05
7.260030000000000000e+05
7.252650000000000000e+05
7.245270000000000000e+05
7.237890000000000000e+05
7.230510000000000000e+05
7.223130000000000000e+05
7.215750000000000000e+05
7.208370000000000000e+05
7.200990000000000000e+05
7.193610000000000000e+05
7.186230000000000000e+05
7.178850000000000000e+05
7.171470000000000000e+05
7.164090000000000000e+05
7.156710000000000000e+05
7.149330000000000000e+05
7.141950000000000000e+05
7.134570000000000000e+05
7.127190000000000000e+05
7.119810000000000000e+05
7.112430000000000000e+05
7.105050000000000000e+05
7.097670000000000000e+05
7.090290000000000000e+05
7.082910000000000000e+05
7.075530000000000000e+05
7.068150000000000000e+05
7.060770000000000000e+05
7.053390000000000000e+05
7.046010000000000000e+05
7.038630000000000000e+05
7.031250000000000000e+05
7.023870000000000000e+05
7.016490000000000000e+05
7.009110000000000000e+05
7.001730000000000000e+05
6.994350000000000000e+05
6.986970000000000000e+05
6.979590000000000000e+05
6.972210000000000000e+05
6.964830000000000000e+05
6.957450000000000000e+05
6.950070000000000000e+05
6.942690000000000000e+05
6.935310000000000000e+05
6.927930000000000000e+05
6.920550000000000000e+05
6.913170000000000000e+05
6.905790000000000000e+05
6.898410000000000000e+05
6.891030000000000000e+05
6.883650000000000000e+05
6.876270000000000000e+05
6.868890000000000000e+05
6.861510000000000000e+05
6.854130000000000000e+05
6.846750000000000000e+05
6.839370000000000000e+05
6.831990000000000000e+05
6.824610000000000000e+05
6.817230000000000000e+05
6.809850000000000000e+05
6.802470000000000000e+05
6.795090000000000000e+05
6.787710000000000000e+05
6.780330000000000000e+05
6.772950000000000000e+05
6.765570000000000000e+05
6.758190000000000000e+05
6.750810000000000000e+05
6.743430000000000000e+05
6.736050000000000000e+05
6.728670000000000000e+05
6.721290000000000000e+05
6.713910000000000000e+05
6.706530000000000000e+05
6.699150000000000000e+05
6.691770000000000000e+05
6.684390000000000000e+05
6.677010000000000000e+05
6.669630000000000000e+05
6.662250000000000000e+05
6.654870000000000000e+05
6.647490000000000000e+05
6.640110000000000000e+05
6.632730000000000000e+05
6.625350000000000000e+05
6.617970000000000000e+05
6.610590000000000000e+05
6.603210000000000000e+05
6.595830000000000000e+05
6.588450000000000000e+05
6.581070000000000000e+05
6.573690000000000000e+05
6.566310000000000000e+05
6.558930000000000000e+05
6.551550000000000000e+05
6.544170000000000000e+05
6.536790000000000000e+05
6.529410000000000000e+05
6.522030000000000000e+05
6.514650000000000000e+05
6.507270000000000000e+05
6.499890000000000000e+05
6.492510000000000000e+05
6.485130000000000000e+05
6.477750000000000000e+05
6.470370000000000000e+05
6.462990000000000000e+05
6.455610000000000000e+05
6.448230000000000000e+05
6.440850000000000000e+05
6.433470000000000000e+05
6.426090000000000000e+05
6.418710000000000000e+05
6.411330000000000000e+05
6.403950000000000000e+05
6.396570000000000000e+05
6.389190000000000000e+05
6.381810000000000000e+05
6.374430000000000000e+05
6.367050000000000000e+05
6.359670000000000000e+05
6.352290000000000000e+05
6.344910000000000000e+05
6.337530000000000000e+05
6.330150000000000000e+05
6.322770000000000000e+05
6.315390000000000000e+05
6.308010000000000000e+05
6.300630000000000000e+05
6.293250000000000000e+05
6.285870000000000000e+05
6.278490000000000000e+05
6.271110000000000000e+05
6.263730000000000000e+05
6.256350000000000000e+05
6.248970000000000000e+05
6.241590000000000000e+05
6.234210000000000000e+05
6.226830000000000000e+05
6.219450000000000000e+05
6.212070000000000000e+05
6.204690000000000000e+05
6.197310000000000000e+05
6.189930000000000000e+05
6.182550000000000000e+05
6.175170000000000000e+05
6.167790000000000000e+05
6.160410000000000000e+05
6.153030000000000000e+05
6.145650000000000000e+05
6.138270000000000000e+05
6.130890000000000000e+05
6.123510000000000000e+05
6.116130000000000000e+05
6.108750000000000000e+05
6.101370000000000000e+05
6.093990000000000000e+05
6.086610000000000000e+05
6.079230000000000000e+05
6.071850000000000000e+05
6.064470000000000000e+05
6.057090000000000000e+05
6.049710000000000000e+05
6.042330000000000000e+05
6.034950000000000000e+05
6.027570000000000000e+05
6.020190000000000000e+05
6.012810000000000000e+05
6.005430000000000000e+05
5.998050000000000000e+05
5.990670000000000000e+05
5.983290000000000000e+05
5.975910000000000000e+05
5.968530000000000000e+05
5.961150000000000000e+05
5.953770000000000000e+05
5.946390000000000000e+05
5.939010000000000000e+05
5.931630000000000000e+05
5.924250000000000000e+05
5.916870000000000000e+05
5.909490000000000000e+05
5.902110000000000000e+05
5.894730000000000000e+05
5.887350000000000000e+05
5.879970000000000000e+05
5.872590000000000000e+05
5.865210000000000000e+05
5.857830000000000000e+05
5.850450000000000000e+05
5.843070000000000000e+05
5.835690000000000000e+05
5.828310000000000000e+05
5.820930000000000000e+05
5.813550000000000000e+05
5.806170000000000000e+05
5.798790000000000000e+05
5.791410000000000000e+05
5.784030000000000000e+05
5.776650000000000000e+05
5.769270000000000000e+05
5.761890000000000000e+05
5.754510000000000000e+05
5.747130000000000000e+05
5.739750000000000000e+05
5.732370000000000000e+05
5.724990000000000000e+05
5.717610000000000000e+05
5.710230000000000000e+05
5.702850000000000000e+05
5.695470000000000000e+05
5.688090000000000000e+05
5.680710000000000000e+05
5.673330000000000000e+05
5.665950000000000000e+05
5.658570000000000000e+05
5.651190000000000000e+05
5.643810000000000000e+05
5.636430000000000000e+05
5.629050000000000000e+05
5.621670000000000000e+05
5.614290000000000000e+05
5.606910000000000000e+05
5.599530000000000000e+05
5.592150000000000000e+05
5.584770000000000000e+05
5.577390000000000000e+05
5.570010000000000000e+05
5.562630000000000000e+05
5.555250000000000000e+05
5.547870000000000000e+05
5.540490000000000000e+05
5.533110000000000000e+05
5.525730000000000000e+05
5.518350000000000000e+05
5.510970000000000000e+05
5.503590000000000000e+05
5.496210000000000000e+05
5.488830000000000000e+05
5.481450000000000000e+05
5.474070000000000000e+05
5.466690000000000000e+05
5.459310000000000000e+05
5.451930000000000000e+05
5.444550000000000000e+05
5.437170000000000000e+05
5.429790000000000000e+05
5.422410000000000000e+05
5.415030000000000000e+05
5.407650000000000000e+05
5.400270000000000000e+05
5.392890000000000000e+05
5.385510000000000000e+05
5.378130000000000000e+05
5.370750000000000000e+05
5.363370000000000000e+05
5.355990000000000000e+05
5.348610000000000000e+05
5.341230000000000000e+05
5.333850000000000000e+05
5.326470000000000000e+05
5.319090000000000000e+05
5.311710000000000000e+05
5.304330000000000000e+05
5.296950000000000000e+05
5.289570000000000000e+05
5.282190000000000000e+05
5.274810000000000000e+05
5.267430000000000000e+05
5.260050000000000000e+05
5.252670000000000000e+05
5.245290000000000000e+05
5.237910000000000000e+05
5.230530000000000000e+05
5.223150000000000000e+05
5.215770000000000000e+05
5.208390000000000000e+05
5.201010000000000000e+05
5.193630000000000000e+05
5.186250000000000000e+05
5.178870000000000000e+05
5.171490000000000000e+05
5.164110000000000000e+05
5.156730000000000000e+05
5.149350000000000000e+05
5.141970000000000000e+05
5.134590000000000000e+05
5.127210000000000000e+05
5.119830000000000000e+05
5.112450000000000000e+05
5.105070000000000000e+05
5.097690000000000000e+05
5.090310000000000000e+05
5.082930000000000000e+05
5.075550000000000000e+05
5.068170000000000000e+05
5.060790000000000000e+05
5.053410000000000000e+05
5.046030000000000000e+05
5.038650000000000000e+05
5.031270000000000000e+05
5.023890000000000000e+05
5.016510000000000000e+05
5.009130000000000000e+05
5.001750000000000000e+05
4.994370000000000000e+05
4.986990000000000000e+05
4.979610000000000000e+05
4.972230000000000000e+05
4.964850000000000000e+05
4.957470000000000000e+05
4.950090000000000000e+05
4.942710000000000000e+05
4.935330000000000000e+05
4.927950000000000000e+05
4.920570000000000000e+05
4.913190000000000000e+05
4.905810000000000000e+05
4.898430000000000000e+05
4.891050000000000000e+05
4.883670000000000000e+05
4.876290000000000000e+05
4.868910000000000000e+05
4.861530000000000000e+05
4.854150000000000000e+05
4.846770000000000000e+05
4.839390000000000000e+05
4.832010000000000000e+05
4.824630000000000000e+05
4.817250000000000000e+05
4.809870000000000000e+05
4.802490000000000000e+05
4.795110000000000000e+05
4.787730000000000000e+05
4.780350000000000000e+05
4.772970000000000000e+05
4.765590000000000000e+05
4.758210000000000000e+05
4.750830000000000000e+05
4.743450000000000000e+05
4.736070000000000000e+05
4.728690000000000000e+05
4.721310000000000000e+05
4.713930000000000000e+05
4.706550000000000000e+05
4.699170000000000000e+05
4.691790000000000000e+05
4.684410000000000000e+05
4.677030000000000000e+05
4.669650000000000000e+05
4.662270000000000000e+05
4.654890000000000000e+05
4.647510000000000000e+05
4.640130000000000000e+05
4.632750000000000000e+05
4.625370000000000000e+05
4.617990000000000000e+05
4.610610000000000000e+05
4.603230000000000000e+05
4.595850000000000000e+05
4.588470000000000000e+05
4.581090000000000000e+05
4.573710000000000000e+05
4.566330000000000000e+05
4.558950000000000000e+05
4.551570000000000000e+05
4.544190000000000000e+05
4.536810000000000000e+05
4.529430000000000000e+05
4.522050000000000000e+05
4.514670000000000000e+05
4.507290000000000000e+05
4.499910000000000000e+05
4.492530000000000000e+05
4.485150000000000000e+05
4.477770000000000000e+05
4.470390000000000000e+05
4.463010000000000000e+05
4.455630000000000000e+05
4.448250000000000000e+05
4.440870000000000000e+05
4.433490000000000000e+05
4.426110000000000000e+05
4.418730000000000000e+05
4.411350000000000000e+05
4.403970000000000000e+05
4.396590000000000000e+05
4.389210000000000000e+05
4.381830000000000000e+05
4.374450000000000000e+05
4.367070000000000000e+05
4.359690000000000000e+05
4.352310000000000000e+05
4.344930000000000000e+05
4.337550000000000000e+05
4.330170000000000000e+05
4.322790000000000000e+05
4.315410000000000000e+05
4.308030000000000000e+05
4.300650000000000000e+05
4.293270000000000000e+05
4.285890000000000000e+05
4.278510000000000000e+05
4.271130000000000000e+05
4.263750000000000000e+05
4.256370000000000000e+05
4.248990000000000000e+05
4.241610000000000000e+05
4.234230000000000000e+05
4.226850000000000000e+05
4.219470000000000000e+05
4.212090000000000000e+05
4.204710000000000000e+05
4.197330000000000000e+05
4.189950000000000000e+05
4.182570000000000000e+05
4.175190000000000000e+05
4.167810000000000000e+05
4.160430000000000000e+05
4.153050000000000000e+05
4.145670000000000000e+05
4.138290000000000000e+05
4.130910000000000000e+05
4.123530000000000000e+05
4.116150000000000000e+05
4.108770000000000000e+05
4.101390000000000000e+05
4.094010000000000000e+05
4.086630000000000000e+05
4.079250000000000000e+05
4.071870000000000000e+05
4.064490000000000000e+05
4.057110000000000000e+05
4.049730000000000000e+05
4.042350000000000000e+05
4.034970000000000000e+05
4.027590000000000000e+05
4.020210000000000000e+05
4.012830000000000000e+05
4.005450000000000000e+05
3.998070000000000000e+05
3.990690000000000000e+05
3.983310000000000000e+05
3.975930000000000000e+05
3.968550000000000000e+05
3.961170000000000000e+05
3.953790000000000000e+05
3.946410000000000000e+05
3.939030000000000000e+05
3.931650000000000000e+05
3.924270000000000000e+05
3.916890000000000000e+05
3.909510000000000000e+05
3.902130000000000000e+05
3.894750000000000000e+05
3.887370000000000000e+05
3.879990000000000000e+05
3.872610000000000000e+05
3.865230000000000000e+05
3.857850000000000000e+05
3.850470000000000000e+05
3.843090000000000000e+05
3.835710000000000000e+05
3.828330000000000000e+05
3.820950000000000000e+05
3.813570000000000000e+05
3.806190000000000000e+05
3.798810000000000000e+05
3.791430000000000000e+05
3.784050000000000000e+05
3.776670000000000000e+05
3.769290000000000000e+05
3.761910000000000000e+05
3.754530000000000000e+05
3.747150000000000000e+05
3.739770000000000000e+05
3.732390000000000000e+05
3.725010000000000000e+05
3.717630000000000000e+05
3.710250000000000000e+05
3.702870000000000000e+05
3.695490000000000000e+05
3.688110000000000000e+05
3.680730000000000000e+05
3.673350000000000000e+05
3.665970000000000000e+05
3.658590000000000000e+05
3.651210000000000000e+05
3.643830000000000000e+05
3.636450000000000000e+05
3.629070000000000000e+05
3.621690000000000000e+05
3.614310000000000000e+05
3.606930000000000000e+05
3.599550000000000000e+05
3.592170000000000000e+05
3.584790000000000000e+05
3.577410000000000000e+05
3.570030000000000000e+05
3.562650000000000000e+05
3.555270000000000000e+05
3.547890000000000000e+05
3.540510000000000000e+05
3.533130000000000000e+05
3.525750000000000000e+05
3.518370000000000000e+05
3.510990000000000000e+05
3.503610000000000000e+05
3.496230000000000000e+05
3.488850000000000000e+05
3.481470000000000000e+05
3.474090000000000000e+05
3.466710000000000000e+05
3.459330000000000000e+05
3.451950000000000000e+05
3.444570000000000000e+05
3.437190000000000000e+05
3.429810000000000000e+05
3.422430000000000000e+05
3.415050000000000000e+05
3.407670000000000000e+05
3.400290000000000000e+05
3.392910000000000000e+05
3.385530000000000000e+05
3.378150000000000000e+05
3.370770000000000000e+05
3.363390000000000000e+05
3.356010000000000000e+05
3.348630000000000000e+05
3.341250000000000000e+05
3.333870000000000000e+05
3.326490000000000000e+05
3.319110000000000000e+05
3.311730000000000000e+05
3.304350000000000000e+05
3.296970000000000000e+05
3.289590000000000000e+05
3.282210000000000000e+05
3.274830000000000000e+05
3.267450000000000000e+05
3.260070000000000000e+05
3.252690000000000000e+05
3.245310000000000000e+05
3.237930000000000000e+05
3.230550000000000000e+05
3.223170000000000000e+05
3.215790000000000000e+05
3.208410000000000000e+05
3.201030000000000000e+05
3.193650000000000000e+05
3.186270000000000000e+05
3.178890000000000000e+05
3.171510000000000000e+05
3.164130000000000000e+05
3.156750000000000000e+05
3.149370000000000000e+05
3.141990000000000000e+05
3.134610000000000000e+05
3.127230000000000000e+05
3.119850000000000000e+05
3.112470000000000000e+05
3.105090000000000000e+05
3.097710000000000000e+05
3.090330000000000000e+05
3.082950000000000000e+05
3.075570000000000000e+05
3.068190000000000000e+05
3.060810000000000000e+05
3.053430000000000000e+05
3.046050000000000000e+05
3.038670000000000000e+05
3.031290000000000000e+05
3.023910000000000000e+05
3.016530000000000000e+05
3.009150000000000000e+05
3.001770000000000000e+05
2.994390000000000000e+05
2.987010000000000000e+05
2.979630000000000000e+05
2.972250000000000000e+05
2.964870000000000000e+05
2.957490000000000000e+05
2.950110000000000000e+05
2.942730000000000000e+05
2.935350000000000000e+05
2.927970000000000000e+05
2.920590000000000000e+05
2.913210000000000000e+05
2.905830000000000000e+05
2.898450000000000000e+05
2.891070000000000000e+05
2.883690000000000000e+05
2.876310000000000000e+05
2.868930000000000000e+05
2.861550000000000000e+05
2.854170000000000000e+05
2.846790000000000000e+05
2.839410000000000000e+05
2.832030000000000000e+05
2.824650000000000000e+05
2.817270000000000000e+05
2.809890000000000000e+05
2.802510000000000000e+05
2.795130000000000000e+05
2.787750000000000000e+05
2.780370000000000000e+05
2.772990000000000000e+05
2.765610000000000000e+05
2.758230000000000000e+05
2.750850000000000000e+05
2.743470000000000000e+05
2.736090000000000000e+05
2.728710000000000000e+05
2.721330000000000000e+05
2.713950000000000000e+05
2.706570000000000000e+05
2.699190000000000000e+05
2.691810000000000000e+05
2.684430000000000000e+05
2.677050000000000000e+05
2.669670000000000000e+05
2.662290000000000000e+05
2.654910000000000000e+05
2.647530000000000000e+05
2.640150000000000000e+05
2.632770000000000000e+05
2.625390000000000000e+05
2.618010000000000000e+05
2.610630000000000000e+05
2.603250000000000000e+05
2.595870000000000000e+05
2.588490000000000000e+05
2.581110000000000000e+05
2.573730000000000000e+05
2.566350000000000000e+05
2.558970000000000000e+05
2.551590000000000000e+05
2.544210000000000000e+05
2.536830000000000000e+05
2.529450000000000000e+05
2.522070000000000000e+05
2.514690000000000000e+05
2.507310000000000000e+05
2.499930000000000000e+05
2.492550000000000000e+05
2.485170000000000000e+05
2.477790000000000000e+05
2.470410000000000000e+05
2.463030000000000000e+05
2.455650000000000000e+05
2.448270000000000000e+05
2.440890000000000000e+05
2.433510000000000000e+05
2.426130000000000000e+05
2.418750000000000000e+05
2.411370000000000000e+05
2.403990000000000000e+05
2.396610000000000000e+05
2.389230000000000000e+05
2.381850000000000000e+05
2.374470000000000000e+05
2.367090000000000000e+05
2.359710000000000000e+05
2.352330000000000000e+05
2.344950000000000000e+05
2.337570000000000000e+05
2.330190000000000000e+05
2.322810000000000000e+05
2.315430000000000000e+05
2.308050000000000000e+05
2.300670000000000000e+05
2.293290000000000000e+05
2.285910000000000000e+05
2.278530000000000000e+05
2.271150000000000000e+05
2.263770000000000000e+05
2.256390000000000000e+05
2.249010000000000000e+05
2.241630000000000000e+05
2.234250000000000000e+05
2.226870000000000000e+05
2.219490000000000000e+05
2.212110000000000000e+05
2.204730000000000000e+05
2.197350000000000000e+05
2.189970000000000000e+05
2.182590000000000000e+05
2.175210000000000000e+05
2.167830000000000000e+05
2.160450000000000000e+05
2.153070000000000000e+05
2.145690000000000000e+05
2.138310000000000000e+05
2.130930000000000000e+05
2.123550000000000000e+05
2.116170000000000000e+05
2.108790000000000000e+05
2.101410000000000000e+05
2.094030000000000000e+05
2.086650000000000000e+05
2.079270000000000000e+05
2.071890000000000000e+05
2.064510000000000000e+05
2.057130000000000000e+05
2.049750000000000000e+05
2.042370000000000000e+05
2.034990000000000000e+05
2.027610000000000000e+05
2.020230000000000000e+05
2.012850000000000000e+05
2.005470000000000000e+05
1.998090000000000000e+05
1.990710000000000000e+05
1.983330000000000000e+05
1.975950000000000000e+05
1.968570000000000000e+05
1.961190000000000000e+05
1.953810000000000000e+05
1.946430000000000000e+05
1.939050000000000000e+05
1.931670000000000000e+05
1.924290000000000000e+05
1.916910000000000000e+05
1.909530000000000000e+05
1.902150000000000000e+05
1.894770000000000000e+05
1.887390000000000000e+05
1.880010000000000000e+05
1.872630000000000000e+05
1.865250000000000000e+05
1.857870000000000000e+05
1.850490000000000000e+05
1.843110000000000000e+05
1.835730000000000000e+05
1.828350000000000000e+05
1.820970000000000000e+05
1.813590000000000000e+05
1.806210000000000000e+05
1.798830000000000000e+05
1.791450000000000000e+05
1.784070000000000000e+05
1.776690000000000000e+05
1.769310000000000000e+05
1.761930000000000000e+05
1.754550000000000000e+05
1.747170000000000000e+05
1.739790000000000000e+05
1.732410000000000000e+05
1.725030000000000000e+05
1.717650000000000000e+05
1.710270000000000000e+05
1.702890000000000000e+05
1.695510000000000000e+05
1.688130000000000000e+05
1.680750000000000000e+05
1.673370000000000000e+05
1.665990000000000000e+05
1.658610000000000000e+05
1.651230000000000000e+05
1.643850000000000000e+05
1.636470000000000000e+05
1.629090000000000000e+05
1.621710000000000000e+05
1.614330000000000000e+05
1.606950000000000000e+05
1.599570000000000000e+05
1.592190000000000000e+05
1.584810000000000000e+05
1.577430000000000000e+05
1.570050000000000000e+05
1.562670000000000000e+05
1.555290000000000000e+05
1.547910000000000000e+05
1.540530000000000000e+05
1.533150000000000000e+05
1.525770000000000000e+05
1.518390000000000000e+05
1.511010000000000000e+05
1.503630000000000000e+05
1.496250000000000000e+05
1.488870000000000000e+05
1.481490000000000000e+05
1.474110000000000000e+05
1.466730000000000000e+05
1.459350000000000000e+05
1.451970000000000000e+05
1.444590000000000000e+05
1.437210000000000000e+05
1.429830000000000000e+05
1.422450000000000000e+05
1.415070000000000000e+05
1.407690000000000000e+05
1.400310000000000000e+05
1.392930000000000000e+05
1.385550000000000000e+05
1.378170000000000000e+05
1.370790000000000000e+05
1.363410000000000000e+05
1.356030000000000000e+05
1.348650000000000000e+05
1.341270000000000000e+05
1.333890000000000000e+05
1.326510000000000000e+05
1.319130000000000000e+05
1.311750000000000000e+05
1.304370000000000000e+05
1.296990000000000000e+05
1.289610000000000000e+05
1.282230000000000000e+05
1.274850000000000000e+05
1.267470000000000000e+05
1.260090000000000000e+05
1.252710000000000000e+05
1.245330000000000000e+05
1.237950000000000000e+05
1.230570000000000000e+05
1.223190000000000000e+05
1.215810000000000000e+05
1.208430000000000000e+05
1.201050000000000000e+05
1.193670000000000000e+05
1.186290000000000000e+05
1.178910000000000000e+05
1.171530000000000000e+05
1.164150000000000000e+05
1.156770000000000000e+05
1.149390000000000000e+05
1.142010000000000000e+05
1.134630000000000000e+05
1.127250000000000000e+05
1.119870000000000000e+05
1.112490000000000000e+05
1.105110000000000000e+05
1.097730000000000000e+05
1.090350000000000000e+05
1.082970000000000000e+05
1.075590000000000000e+05
1.068210000000000000e+05
1.060830000000000000e+05
1.053450000000000000e+05
1.046070000000000000e+05
1.038690000000000000e+05
1.031310000000000000e+05
1.023930000000000000e+05
1.016550000000000000e+05
1.009170000000000000e+05
1.001790000000000000e+05
9.944100000000000000e+04
9.870300000000000000e+04
9.796500000000000000e+04
9.722700000000000000e+04
9.648900000000000000e+04
9.575100000000000000e+04
9.501300000000000000e+04
9.427500000000000000e+04
9.353700000000000000e+04
9.279900000000000000e+04
9.206100000000000000e+04
9.132300000000000000e+04
9.058500000000000000e+04
8.984700000000000000e+04
8.910900000000000000e+04
8.837100000000000000e+04
8.763300000000000000e+04
8.689500000000000000e+04
8.615700000000000000e+04
8.541900000000000000e+04
8.468100000000000000e+04
8.394300000000000000e+04
8.320500000000000000e+04
8.246700000000000000e+04
8.172900000000000000e+04
8.099100000000000000e+04
8.025300000000000000e+04
7.951500000000000000e+04
7.877700000000000000e+04
7.803900000000000000e+04
7.730100000000000000e+04
7.656300000000000000e+04
7.582500000000000000e+04
7.508700000000000000e+04
7.434900000000000000e+04
7.361100000000000000e+04
7.287300000000000000e+04
7.213500000000000000e+04
7.139700000000000000e+04
7.065900000000000000e+04
6.992100000000000000e+04
6.918300000000000000e+04
6.844500000000000000e+04
6.770700000000000000e+04
6.696900000000000000e+04
6.623100000000000000e+04
6.549300000000000000e+04
6.475500000000000000e+04
6.401700000000000000e+04
6.327900000000000000e+04
6.254100000000000000e+04
6.180300000000000000e+04
6.106500000000000000e+04
6.032700000000000000e+04
5.958900000000000000e+04
5.885100000000000000e+04
5.811300000000000000e+04
5.737500000000000000e+04
5.663700000000000000e+04
5.589900000000000000e+04
5.516100000000000000e+04
5.442300000000000000e+04
5.368500000000000000e+04
5.294700000000000000e+04
5.220900000000000000e+04
5.147100000000000000e+04
5.073300000000000000e+04
4.999500000000000000e+04
4.925700000000000000e+04
4.851900000000000000e+04
4.778100000000000000e+04
4.704300000000000000e+04
4.630500000000000000e+04
4.556700000000000000e+04
4.482900000000000000e+04
4.409100000000000000e+04
4.335300000000000000e+04
4.261500000000000000e+04
4.187700000000000000e+04
4.113900000000000000e+04
4.040100000000000000e+04
3.966300000000000000e+04
3.892500000000000000e+04
3.818700000000000000e+04
3.744900000000000000e+04
3.671100000000000000e+04
3.597300000000000000e+04
3.523500000000000000e+04
3.449700000000000000e+04
3.375900000000000000e+04
3.302100000000000000e+04
3.228300000000000000e+04
3.154500000000000000e+04
3.080700000000000000e+04
3.006900000000000000e+04
2.933100000000000000e+04
2.859300000000000000e+04
2.785500000000000000e+04
2.711700000000000000e+04
2.637900000000000000e+04
2.564100000000000000e+04
2.490300000000000000e+04
2.416500000000000000e+04
2.342700000000000000e+04
2.268900000000000000e+04
2.195100000000000000e+04
2.121300000000000000e+04
2.047500000000000000e+04
1.973700000000000000e+04
1.899900000000000000e+04
1.826100000000000000e+04
1.752300000000000000e+04
1.678500000000000000e+04
1.604700000000000000e+04
1.530900000000000000e+04
1.457100000000000000e+04
1.383300000000000000e+04
1.309500000000000000e+04
1.235700000000000000e+04
1.161900000000000000e+04
1.088100000000000000e+04
1.014300000000000000e+04
9.405000000000000000e+03
8.667000000000000000e+03
7.929000000000000000e+03
7.191000000000000000e+03
6.453000000000000000e+03
5.715000000000000000e+03
4.977000000000000000e+03
4.239000000000000000e+03
3.501000000000000000e+03
2.763000000000000000e+03
2.025000000000000000e+03
1.287000000000000000e+03
5.490000000000000000e+02
-1.890000000000000000e+02
-9.270000000000000000e+02
-1.665000000000000000e+03
-2.403000000000000000e+03
-3.141000000000000000e+03
-3.879000000000000000e+03
-4.617000000000000000e+03
-5.355000000000000000e+03
-6.093000000000000000e+03
-6.831000000000000000e+03
-7.569000000000000000e+03
-8.307000000000000000e+03
-9.045000000000000000e+03
-9.783000000000000000e+03
-1.052100000000000000e+04
-1.125900000000000000e+04
-1.199700000000000000e+04
-1.273500000000000000e+04
-1.347300000000000000e+04
-1.421100000000000000e+04
-1.494900000000000000e+04
-1.568700000000000000e+04
-1.642500000000000000e+04
-1.716300000000000000e+04
-1.790100000000000000e+04
-1.863900000000000000e+04
-1.937700000000000000e+04
-2.011500000000000000e+04
-2.085300000000000000e+04
-2.159100000000000000e+04
-2.232900000000000000e+04
-2.306700000000000000e+04
-2.380500000000000000e+04
-2.454300000000000000e+04
-2.528100000000000000e+04
-2.601900000000000000e+04
-2.675700000000000000e+04
-2.749500000000000000e+04
-2.823300000000000000e+04
-2.897100000000000000e+04
-2.970900000000000000e+04
-3.044700000000000000e+04
-3.118500000000000000e+04
-3.192300000000000000e+04
-3.266100000000000000e+04
-3.339900000000000000e+04
-3.413700000000000000e+04
-3.487500000000000000e+04
-3.561300000000000000e+04
-3.635100000000000000e+04
-3.708900000000000000e+04
-3.782700000000000000e+04
-3.856500000000000000e+04
-3.930300000000000000e+04
-4.004100000000000000e+04
-4.077900000000000000e+04
-4.151700000000000000e+04
-4.225500000000000000e+04
-4.299300000000000000e+04
-4.373100000000000000e+04
-4.446900000000000000e+04
-4.520700000000000000e+04
-4.594500000000000000e+04
-4.668300000000000000e+04
-4.742100000000000000e+04
-4.815900000000000000e+04
-4.889700000000000000e+04
-4.963500000000000000e+04
-5.037300000000000000e+04
-5.111100000000000000e+04
-5.184900000000000000e+04
-5.258700000000000000e+04
-5.332500000000000000e+04
-5.406300000000000000e+04
-5.480100000000000000e+04
-5.553900000000000000e+04
-5.627700000000000000e+04
-5.701500000000000000e+04
-5.775300000000000000e+04
-5.849100000000000000e+04
-5.922900000000000000e+04
-5.996700000000000000e+04
-6.070500000000000000e+04
-6.144300000000000000e+04
-6.218100000000000000e+04
-6.291900000000000000e+04
-6.365700000000000000e+04
-6.439500000000000000e+04
-6.513300000000000000e+04
-6.587100000000000000e+04
-6.660900000000000000e+04
-6.734700000000000000e+04
-6.808500000000000000e+04
-6.882300000000000000e+04
-6.956100000000000000e+04
-7.029900000000000000e+04
-7.103700000000000000e+04
-7.177500000000000000e+04
-7.251300000000000000e+04
-7.325100000000000000e+04
-7.398900000000000000e+04
-7.472700000000000000e+04
-7.546500000000000000e+04
-7.620300000000000000e+04
-7.694100000000000000e+04
-7.767900000000000000e+04
-7.841700000000000000e+04
-7.915500000000000000e+04
-7.989300000000000000e+04
-8.063100000000000000e+04
-8.136900000000000000e+04
-8.210700000000000000e+04
-8.284500000000000000e+04
-8.358300000000000000e+04
-8.432100000000000000e+04
-8.505900000000000000e+04
-8.579700000000000000e+04
-8.653500000000000000e+04
-8.727300000000000000e+04
-8.801100000000000000e+04
-8.874900000000000000e+04
-8.948700000000000000e+04
-9.022500000000000000e+04
-9.096300000000000000e+04
-9.170100000000000000e+04
-9.243900000000000000e+04
-9.317700000000000000e+04
-9.391500000000000000e+04
-9.465300000000000000e+04
-9.539100000000000000e+04
-9.612900000000000000e+04
-9.686700000000000000e+04
-9.760500000000000000e+04
-9.834300000000000000e+04
-9.908100000000000000e+04
-9.981900000000000000e+04
-1.005570000000000000e+05
-1.012950000000000000e+05
-1.020330000000000000e+05
-1.027710000000000000e+05
-1.035090000000000000e+05
-1.042470000000000000e+05
-1.049850000000000000e+05
-1.057230000000000000e+05
-1.064610000000000000e+05
-1.071990000000000000e+05
-1.079370000000000000e+05
-1.086750000000000000e+05
-1.094130000000000000e+05
-1.101510000000000000e+05
-1.108890000000000000e+05
-1.116270000000000000e+05
-1.123650000000000000e+05
-1.131030000000000000e+05
-1.138410000000000000e+05
-1.145790000000000000e+05
-1.153170000000000000e+05
-1.160550000000000000e+05
-1.167930000000000000e+05
-1.175310000000000000e+05
-1.182690000000000000e+05
-1.190070000000000000e+05
-1.197450000000000000e+05
-1.204830000000000000e+05
-1.212210000000000000e+05
-1.219590000000000000e+05
-1.226970000000000000e+05
-1.234350000000000000e+05
-1.241730000000000000e+05
-1.249110000000000000e+05
-1.256490000000000000e+05
-1.263870000000000000e+05
-1.271250000000000000e+05
-1.278630000000000000e+05
-1.286010000000000000e+05
-1.293390000000000000e+05
-1.300770000000000000e+05
-1.308150000000000000e+05
-1.315530000000000000e+05
-1.322910000000000000e+05
-1.330290000000000000e+05
-1.337670000000000000e+05
-1.345050000000000000e+05
-1.352430000000000000e+05
-1.359810000000000000e+05
-1.367190000000000000e+05
-1.374570000000000000e+05
-1.381950000000000000e+05
-1.389330000000000000e+05
-1.396710000000000000e+05
-1.404090000000000000e+05
-1.411470000000000000e+05
-1.418850000000000000e+05
-1.426230000000000000e+05
-1.433610000000000000e+05
-1.440990000000000000e+05
-1.448370000000000000e+05
-1.455750000000000000e+05
-1.463130000000000000e+05
-1.470510000000000000e+05
-1.477890000000000000e+05
-1.485270000000000000e+05
-1.492650000000000000e+05
-1.500030000000000000e+05
-1.507410000000000000e+05
-1.514790000000000000e+05
-1.522170000000000000e+05
-1.529550000000000000e+05
-1.536930000000000000e+05
-1.544310000000000000e+05
-1.551690000000000000e+05
-1.559070000000000000e+05
-1.566450000000000000e+05
-1.573830000000000000e+05
-1.581210000000000000e+05
-1.588590000000000000e+05
-1.595970000000000000e+05
-1.603350000000000000e+05
-1.610730000000000000e+05
-1.618110000000000000e+05
-1.625490000000000000e+05
-1.632870000000000000e+05
-1.640250000000000000e+05
-1.647630000000000000e+05
-1.655010000000000000e+05
-1.662390000000000000e+05
-1.669770000000000000e+05
-1.677150000000000000e+05
-1.684530000000000000e+05
-1.691910000000000000e+05
-1.699290000000000000e+05
-1.706670000000000000e+05
-1.714050000000000000e+05
-1.721430000000000000e+05
-1.728810000000000000e+05
-1.736190000000000000e+05
-1.743570000000000000e+05
-1.750950000000000000e+05
-1.758330000000000000e+05
-1.765710000000000000e+05
-1.773090000000000000e+05
-1.780470000000000000e+05
-1.787850000000000000e+05
-1.795230000000000000e+05
-1.802610000000000000e+05
-1.809990000000000000e+05
-1.817370000000000000e+05
-1.824750000000000000e+05
-1.832130000000000000e+05
-1.839510000000000000e+05
-1.846890000000000000e+05
-1.854270000000000000e+05
-1.861650000000000000e+05
-1.869030000000000000e+05
-1.876410000000000000e+05
-1.883790000000000000e+05
-1.891170000000000000e+05
-1.898550000000000000e+05
-1.905930000000000000e+05
-1.913310000000000000e+05
-1.920690000000000000e+05
-1.928070000000000000e+05
-1.935450000000000000e+05
-1.942830000000000000e+05
-1.950210000000000000e+05
-1.957590000000000000e+05
-1.964970000000000000e+05
-1.972350000000000000e+05
-1.979730000000000000e+05
-1.987110000000000000e+05
-1.994490000000000000e+05
-2.001870000000000000e+05
-2.009250000000000000e+05
-2.016630000000000000e+05
-2.024010000000000000e+05
-2.031390000000000000e+05
-2.038770000000000000e+05
-2.046150000000000000e+05
-2.053530000000000000e+05
-2.060910000000000000e+05
-2.068290000000000000e+05
-2.075670000000000000e+05
-2.083050000000000000e+05
-2.090430000000000000e+05
-2.097810000000000000e+05
-2.105190000000000000e+05
-2.112570000000000000e+05
-2.119950000000000000e+05
-2.127330000000000000e+05
-2.134710000000000000e+05
-2.142090000000000000e+05
-2.149470000000000000e+05
-2.156850000000000000e+05
-2.164230000000000000e+05
-2.171610000000000000e+05
-2.178990000000000000e+05
-2.186370000000000000e+05
-2.193750000000000000e+05
-2.201130000000000000e+05
-2.208510000000000000e+05
-2.215890000000000000e+05
-2.223270000000000000e+05
-2.230650000000000000e+05
-2.238030000000000000e+05
-2.245410000000000000e+05
-2.252790000000000000e+05
-2.260170000000000000e+05
-2.267550000000000000e+05
-2.274930000000000000e+05
-2.282310000000000000e+05
-2.289690000000000000e+05
-2.297070000000000000e+05
-2.304450000000000000e+05
-2.311830000000000000e+05
-2.319210000000000000e+05
-2.326590000000000000e+05
-2.333970000000000000e+05
-2.341350000000000000e+05
-2.348730000000000000e+05
-2.356110000000000000e+05
-2.363490000000000000e+05
-2.370870000000000000e+05
-2.378250000000000000e+05
-2.385630000000000000e+05
-2.393010000000000000e+05
-2.400390000000000000e+05
-2.407770000000000000e+05
-2.415150000000000000e+05
-2.422530000000000000e+05
-2.429910000000000000e+05
-2.437290000000000000e+05
-2.444670000000000000e+05
-2.452050000000000000e+05
-2.459430000000000000e+05
-2.466810000000000000e+05
-2.474190000000000000e+05
-2.481570000000000000e+05
-2.488950000000000000e+05
-2.496330000000000000e+05
-2.503710000000000000e+05
-2.511090000000000000e+05
-2.518470000000000000e+05
-2.525850000000000000e+05
-2.533230000000000000e+05
-2.540610000000000000e+05
-2.547990000000000000e+05
-2.555370000000000000e+05
-2.562750000000000000e+05
-2.570130000000000000e+05
-2.577510000000000000e+05
-2.584890000000000000e+05
-2.592270000000000000e+05
-2.599650000000000000e+05
-2.607030000000000000e+05
-2.614410000000000000e+05
-2.621790000000000000e+05
-2.629170000000000000e+05
-2.636550000000000000e+05
-2.643930000000000000e+05
-2.651310000000000000e+05
-2.658690000000000000e+05
-2.666070000000000000e+05
-2.673450000000000000e+05
-2.680830000000000000e+05
-2.688210000000000000e+05
-2.695590000000000000e+05
-2.702970000000000000e+05
-2.710350000000000000e+05
-2.717730000000000000e+05
-2.725110000000000000e+05
-2.732490000000000000e+05
-2.739870000000000000e+05
-2.747250000000000000e+05
-2.754630000000000000e+05
-2.762010000000000000e+05
-2.769390000000000000e+05
-2.776770000000000000e+05
-2.784150000000000000e+05
-2.791530000000000000e+05
-2.798910000000000000e+05
-2.806290000000000000e+05
-2.813670000000000000e+05
-2.821050000000000000e+05
-2.828430000000000000e+05
-2.835810000000000000e+05
-2.843190000000000000e+05
-2.850570000000000000e+05
-2.857950000000000000e+05
-2.865330000000000000e+05
-2.872710000000000000e+05
-2.880090000000000000e+05
-2.887470000000000000e+05
-2.894850000000000000e+05
-2.902230000000000000e+05
-2.909610000000000000e+05
-2.916990000000000000e+05
-2.924370000000000000e+05
-2.931750000000000000e+05
-2.939130000000000000e+05
-2.946510000000000000e+05
-2.953890000000000000e+05
-2.961270000000000000e+05
-2.968650000000000000e+05
-2.976030000000000000e+05
-2.983410000000000000e+05
-2.990790000000000000e+05
-2.998170000000000000e+05
-3.005550000000000000e+05
-3.012930000000000000e+05
-3.020310000000000000e+05
-3.027690000000000000e+05
-3.035070000000000000e+05
-3.042450000000000000e+05
-3.049830000000000000e+05
-3.057210000000000000e+05
-3.064590000000000000e+05
-3.071970000000000000e+05
-3.079350000000000000e+05
-3.086730000000000000e+05
-3.094110000000000000e+05
-3.101490000000000000e+05
-3.108870000000000000e+05
-3.116250000000000000e+05
-3.123630000000000000e+05
-3.131010000000000000e+05
-3.138390000000000000e+05
-3.145770000000000000e+05
-3.153150000000000000e+05
-3.160530000000000000e+05
-3.167910000000000000e+05
-3.175290000000000000e+05
-3.182670000000000000e+05
-3.190050000000000000e+05
-3.197430000000000000e+05
-3.204810000000000000e+05
-3.212190000000000000e+05
-3.219570000000000000e+05
-3.226950000000000000e+05
-3.234330000000000000e+05
-3.241710000000000000e+05
-3.249090000000000000e+05
-3.256470000000000000e+05
-3.263850000000000000e+05
-3.271230000000000000e+05
-3.278610000000000000e+05
-3.285990000000000000e+05
-3.293370000000000000e+05
-3.300750000000000000e+05
-3.308130000000000000e+05
-3.315510000000000000e+05
-3.322890000000000000e+05
-3.330270000000000000e+05
-3.337650000000000000e+05
-3.345030000000000000e+05
-3.352410000000000000e+05
-3.359790000000000000e+05
-3.367170000000000000e+05
-3.374550000000000000e+05
-3.381930000000000000e+05
-3.389310000000000000e+05
-3.396690000000000000e+05
-3.404070000000000000e+05
-3.411450000000000000e+05
-3.418830000000000000e+05
-3.426210000000000000e+05
-3.433590000000000000e+05
-3.440970000000000000e+05
-3.448350000000000000e+05
-3.455730000000000000e+05
-3.463110000000000000e+05
-3.470490000000000000e+05
-3.477870000000000000e+05
-3.485250000000000000e+05
-3.492630000000000000e+05
-3.500010000000000000e+05
-3.507390000000000000e+05
-3.514770000000000000e+05
-3.522150000000000000e+05
-3.529530000000000000e+05
-3.536910000000000000e+05
-3.544290000000000000e+05
-3.551670000000000000e+05
-3.559050000000000000e+05
-3.566430000000000000e+05
-3.573810000000000000e+05
-3.581190000000000000e+05
-3.588570000000000000e+05
-3.595950000000000000e+05
-3.603330000000000000e+05
-3.610710000000000000e+05
-3.618090000000000000e+05
-3.625470000000000000e+05
-3.632850000000000000e+05
-3.640230000000000000e+05
-3.647610000000000000e+05
-3.654990000000000000e+05
-3.662370000000000000e+05
-3.669750000000000000e+05
-3.677130000000000000e+05
-3.684510000000000000e+05
-3.691890000000000000e+05
-3.699270000000000000e+05
-3.706650000000000000e+05
-3.714030000000000000e+05
-3.721410000000000000e+05
-3.728790000000000000e+05
-3.736170000000000000e+05
-3.743550000000000000e+05
-3.750930000000000000e+05
-3.758310000000000000e+05
-3.765690000000000000e+05
-3.773070000000000000e+05
-3.780450000000000000e+05
-3.787830000000000000e+05
-3.795210000000000000e+05
-3.802590000000000000e+05
-3.809970000000000000e+05
-3.817350000000000000e+05
-3.824730000000000000e+05
-3.832110000000000000e+05
-3.839490000000000000e+05
-3.846870000000000000e+05
-3.854250000000000000e+05
-3.861630000000000000e+05
-3.869010000000000000e+05
-3.876390000000000000e+05
-3.883770000000000000e+05
-3.891150000000000000e+05
-3.898530000000000000e+05
-3.905910000000000000e+05
-3.913290000000000000e+05
-3.920670000000000000e+05
-3.928050000000000000e+05
-3.935430000000000000e+05
-3.942810000000000000e+05
-3.950190000000000000e+05
-3.957570000000000000e+05
-3.964950000000000000e+05
-3.972330000000000000e+05
-3.979710000000000000e+05
-3.987090000000000000e+05
-3.994470000000000000e+05
-4.001850000000000000e+05
-4.009230000000000000e+05
-4.016610000000000000e+05
-4.023990000000000000e+05
-4.031370000000000000e+05
-4.038750000000000000e+05
-4.046130000000000000e+05
-4.053510000000000000e+05
-4.060890000000000000e+05
-4.068270000000000000e+05
-4.075650000000000000e+05
-4.083030000000000000e+05
-4.090410000000000000e+05
-4.097790000000000000e+05
-4.105170000000000000e+05
-4.112550000000000000e+05
-4.119930000000000000e+05
-4.127310000000000000e+05
-4.134690000000000000e+05
-4.142070000000000000e+05
-4.149450000000000000e+05
-4.156830000000000000e+05
-4.164210000000000000e+05
-4.171590000000000000e+05
-4.178970000000000000e+05
-4.186350000000000000e+05
-4.193730000000000000e+05
-4.201110000000000000e+05
-4.208490000000000000e+05
-4.215870000000000000e+05
-4.223250000000000000e+05
-4.230630000000000000e+05
-4.238010000000000000e+05
-4.245390000000000000e+05
-4.252770000000000000e+05
-4.260150000000000000e+05
-4.267530000000000000e+05
-4.274910000000000000e+05
-4.282290000000000000e+05
-4.289670000000000000e+05
-4.297050000000000000e+05
-4.304430000000000000e+05
-4.311810000000000000e+05
-4.319190000000000000e+05
-4.326570000000000000e+05
-4.333950000000000000e+05
-4.341330000000000000e+05
-4.348710000000000000e+05
-4.356090000000000000e+05
-4.363470000000000000e+05
-4.370850000000000000e+05
-4.378230000000000000e+05
-4.385610000000000000e+05
-4.392990000000000000e+05
-4.400370000000000000e+05
-4.407750000000000000e+05
-4.415130000000000000e+05
-4.422510000000000000e+05
-4.429890000000000000e+05
-4.437270000000000000e+05
-4.444650000000000000e+05
-4.452030000000000000e+05
-4.459410000000000000e+05
-4.466790000000000000e+05
-4.474170000000000000e+05
-4.481550000000000000e+05
-4.488930000000000000e+05
-4.496310000000000000e+05
-4.503690000000000000e+05
-4.511070000000000000e+05
-4.518450000000000000e+05
-4.525830000000000000e+05
-4.533210000000000000e+05
-4.540590000000000000e+05
-4.547970000000000000e+05
-4.555350000000000000e+05
-4.562730000000000000e+05
-4.570110000000000000e+05
-4.577490000000000000e+05
-4.584870000000000000e+05
-4.592250000000000000e+05
-4.599630000000000000e+05
-4.607010000000000000e+05
-4.614390000000000000e+05
-4.621770000000000000e+05
-4.629150000000000000e+05
-4.636530000000000000e+05
-4.643910000000000000e+05
-4.651290000000000000e+05
-4.658670000000000000e+05
-4.666050000000000000e+05
-4.673430000000000000e+05
-4.680810000000000000e+05
-4.688190000000000000e+05
-4.695570000000000000e+05
-4.702950000000000000e+05
-4.710330000000000000e+05
-4.717710000000000000e+05
-4.725090000000000000e+05
-4.732470000000000000e+05
-4.739850000000000000e+05
-4.747230000000000000e+05
-4.754610000000000000e+05
-4.761990000000000000e+05
-4.769370000000000000e+05
-4.776750000000000000e+05
-4.784130000000000000e+05
-4.791510000000000000e+05
-4.798890000000000000e+05
-4.806270000000000000e+05
-4.813650000000000000e+05
-4.821030000000000000e+05
-4.828410000000000000e+05
-4.835790000000000000e+05
-4.843170000000000000e+05
-4.850550000000000000e+05
-4.857930000000000000e+05
-4.865310000000000000e+05
-4.872690000000000000e+05
-4.880070000000000000e+05
-4.887450000000000000e+05
-4.894830000000000000e+05
-4.902210000000000000e+05
-4.909590000000000000e+05
-4.916970000000000000e+05
-4.924350000000000000e+05
-4.931730000000000000e+05
-4.939110000000000000e+05
-4.946490000000000000e+05
-4.953870000000000000e+05
-4.961250000000000000e+05
-4.968630000000000000e+05
-4.976010000000000000e+05
-4.983390000000000000e+05
-4.990770000000000000e+05
-4.998150000000000000e+05
-5.005530000000000000e+05
-5.012910000000000000e+05
-5.020290000000000000e+05
-5.027670000000000000e+05
-5.035050000000000000e+05
-5.042430000000000000e+05
-5.049810000000000000e+05
-5.057190000000000000e+05
-5.064570000000000000e+05
-5.071950000000000000e+05
-5.079330000000000000e+05
-5.086710000000000000e+05
-5.094090000000000000e+05
-5.101470000000000000e+05
-5.108850000000000000e+05
-5.116230000000000000e+05
-5.123610000000000000e+05
-5.130990000000000000e+05
-5.138370000000000000e+05
-5.145750000000000000e+05
-5.153130000000000000e+05
-5.160510000000000000e+05
-5.167890000000000000e+05
-5.175270000000000000e+05
-5.182650000000000000e+05
-5.190030000000000000e+05
-5.197410000000000000e+05
-5.204790000000000000e+05
-5.212170000000000000e+05
-5.219550000000000000e+05
-5.226930000000000000e+05
-5.234310000000000000e+05
-5.241690000000000000e+05
-5.249070000000000000e+05
-5.256450000000000000e+05
-5.263830000000000000e+05
-5.271210000000000000e+05
-5.278590000000000000e+05
-5.285970000000000000e+05
-5.293350000000000000e+05
-5.300730000000000000e+05
-5.308110000000000000e+05
-5.315490000000000000e+05
-5.322870000000000000e+05
-5.330250000000000000e+05
-5.337630000000000000e+05
-5.345010000000000000e+05
-5.352390000000000000e+05
-5.359770000000000000e+05
-5.367150000000000000e+05
-5.374530000000000000e+05
-5.381910000000000000e+05
-5.389290000000000000e+05
-5.396670000000000000e+05
-5.404050000000000000e+05
-5.411430000000000000e+05
-5.418810000000000000e+05
-5.426190000000000000e+05
-5.433570000000000000e+05
-5.440950000000000000e+05
-5.448330000000000000e+05
-5.455710000000000000e+05
-5.463090000000000000e+05
-5.470470000000000000e+05
-5.477850000000000000e+05
-5.485230000000000000e+05
-5.492610000000000000e+05
-5.499990000000000000e+05
-5.507370000000000000e+05
-5.514750000000000000e+05
-5.522130000000000000e+05
-5.529510000000000000e+05
-5.536890000000000000e+05
-5.544270000000000000e+05
-5.551650000000000000e+05
-5.559030000000000000e+05
-5.566410000000000000e+05
-5.573790000000000000e+05
-5.581170000000000000e+05
-5.588550000000000000e+05
-5.595930000000000000e+05
-5.603310000000000000e+05
-5.610690000000000000e+05
-5.618070000000000000e+05
-5.625450000000000000e+05
-5.632830000000000000e+05
-5.640210000000000000e+05
-5.647590000000000000e+05
-5.654970000000000000e+05
-5.662350000000000000e+05
-5.669730000000000000e+05
-5.677110000000000000e+05
-5.684490000000000000e+05
-5.691870000000000000e+05
-5.699250000000000000e+05
-5.706630000000000000e+05
-5.714010000000000000e+05
-5.721390000000000000e+05
-5.728770000000000000e+05
-5.736150000000000000e+05
-5.743530000000000000e+05
-5.750910000000000000e+05
-5.758290000000000000e+05
-5.765670000000000000e+05
-5.773050000000000000e+05
-5.780430000000000000e+05
-5.787810000000000000e+05
-5.795190000000000000e+05
-5.802570000000000000e+05
-5.809950000000000000e+05
-5.817330000000000000e+05
-5.824710000000000000e+05
-5.832090000000000000e+05
-5.839470000000000000e+05
-5.846850000000000000e+05
-5.854230000000000000e+05
-5.861610000000000000e+05
-5.868990000000000000e+05
-5.876370000000000000e+05
-5.883750000000000000e+05
-5.891130000000000000e+05
-5.898510000000000000e+05
-5.905890000000000000e+05
-5.913270000000000000e+05
-5.920650000000000000e+05
-5.928030000000000000e+05
-5.935410000000000000e+05
-5.942790000000000000e+05
-5.950170000000000000e+05
-5.957550000000000000e+05
-5.964930000000000000e+05
-5.972310000000000000e+05
-5.979690000000000000e+05
-5.987070000000000000e+05
-5.994450000000000000e+05
-6.001830000000000000e+05
-6.009210000000000000e+05
-6.016590000000000000e+05
-6.023970000000000000e+05
-6.031350000000000000e+05
-6.038730000000000000e+05
-6.046110000000000000e+05
-6.053490000000000000e+05
-6.060870000000000000e+05
-6.068250000000000000e+05
-6.075630000000000000e+05
-6.083010000000000000e+05
-6.090390000000000000e+05
-6.097770000000000000e+05
-6.105150000000000000e+05
-6.112530000000000000e+05
-6.119910000000000000e+05
-6.127290000000000000e+05
-6.134670000000000000e+05
-6.142050000000000000e+05
-6.149430000000000000e+05
-6.156810000000000000e+05
-6.164190000000000000e+05
-6.171570000000000000e+05
-6.178950000000000000e+05
-6.186330000000000000e+05
-6.193710000000000000e+05
-6.201090000000000000e+05
-6.208470000000000000e+05
-6.215850000000000000e+05
-6.223230000000000000e+05
-6.230610000000000000e+05
-6.237990000000000000e+05
-6.245370000000000000e+05
-6.252750000000000000e+05
-6.260130000000000000e+05
-6.267510000000000000e+05
-6.274890000000000000e+05
-6.282270000000000000e+05
-6.289650000000000000e+05
-6.297030000000000000e+05
-6.304410000000000000e+05
-6.311790000000000000e+05
-6.319170000000000000e+05
-6.326550000000000000e+05
-6.333930000000000000e+05
-6.341310000000000000e+05
-6.348690000000000000e+05
-6.356070000000000000e+05
-6.363450000000000000e+05
-6.370830000000000000e+05
-6.378210000000000000e+05
-6.385590000000000000e+05
-6.392970000000000000e+05
-6.400350000000000000e+05
-6.407730000000000000e+05
-6.415110000000000000e+05
-6.422490000000000000e+05
-6.429870000000000000e+05
-6.437250000000000000e+05
-6.444630000000000000e+05
-6.452010000000000000e+05
-6.459390000000000000e+05
-6.466770000000000000e+05
-6.474150000000000000e+05
-6.481530000000000000e+05
-6.488910000000000000e+05
-6.496290000000000000e+05
-6.503670000000000000e+05
-6.511050000000000000e+05
-6.518430000000000000e+05
-6.525810000000000000e+05
-6.533190000000000000e+05
-6.540570000000000000e+05
-6.547950000000000000e+05
-6.555330000000000000e+05
-6.562710000000000000e+05
-6.570090000000000000e+05
-6.577470000000000000e+05
-6.584850000000000000e+05
-6.592230000000000000e+05
-6.599610000000000000e+05
-6.606990000000000000e+05
-6.614370000000000000e+05
-6.621750000000000000e+05
-6.629130000000000000e+05
-6.636510000000000000e+05
-6.643890000000000000e+05
-6.651270000000000000e+05
-6.658650000000000000e+05
-6.666030000000000000e+05
-6.673410000000000000e+05
-6.680790000000000000e+05
-6.688170000000000000e+05
-6.695550000000000000e+05
-6.702930000000000000e+05
-6.710310000000000000e+05
-6.717690000000000000e+05
-6.725070000000000000e+05
-6.732450000000000000e+05
-6.739830000000000000e+05
-6.747210000000000000e+05
-6.754590000000000000e+05
-6.761970000000000000e+05
-6.769350000000000000e+05
-6.776730000000000000e+05
-6.784110000000000000e+05
-6.791490000000000000e+05
-6.798870000000000000e+05
-6.806250000000000000e+05
-6.813630000000000000e+05
-6.821010000000000000e+05
-6.828390000000000000e+05
-6.835770000000000000e+05
-6.843150000000000000e+05
-6.850530000000000000e+05
-6.857910000000000000e+05
-6.865290000000000000e+05
-6.872670000000000000e+05
-6.880050000000000000e+05
-6.887430000000000000e+05
-6.894810000000000000e+05
-6.902190000000000000e+05
-6.909570000000000000e+05
-6.916950000000000000e+05
-6.924330000000000000e+05
-6.931710000000000000e+05
-6.939090000000000000e+05
-6.946470000000000000e+05
-6.953850000000000000e+05
-6.961230000000000000e+05
-6.968610000000000000e+05
-6.975990000000000000e+05
-6.983370000000000000e+05
-6.990750000000000000e+05
-6.998130000000000000e+05
-7.005510000000000000e+05
-7.012890000000000000e+05
-7.020270000000000000e+05
-7.027650000000000000e+05
-7.035030000000000000e+05
-7.042410000000000000e+05
-7.049790000000000000e+05
-7.057170000000000000e+05
-7.064550000000000000e+05
-7.071930000000000000e+05
-7.079310000000000000e+05
-7.086690000000000000e+05
-7.094070000000000000e+05
-7.101450000000000000e+05
-7.108830000000000000e+05
-7.116210000000000000e+05
-7.123590000000000000e+05
-7.130970000000000000e+05
-7.138350000000000000e+05
-7.145730000000000000e+05
-7.153110000000000000e+05
-7.160490000000000000e+05
-7.167870000000000000e+05
-7.175250000000000000e+05
-7.182630000000000000e+05
-7.190010000000000000e+05
-7.197390000000000000e+05
-7.204770000000000000e+05
-7.212150000000000000e+05
-7.219530000000000000e+05
-7.226910000000000000e+05
-7.234290000000000000e+05
-7.241670000000000000e+05
-7.249050000000000000e+05
-7.256430000000000000e+05
-7.263810000000000000e+05
-7.271190000000000000e+05
-7.278570000000000000e+05
-7.285950000000000000e+05
-7.293330000000000000e+05
-7.300710000000000000e+05
-7.308090000000000000e+05
-7.315470000000000000e+05
-7.322850000000000000e+05
-7.330230000000000000e+05
-7.337610000000000000e+05
-7.344990000000000000e+05
-7.352370000000000000e+05
-7.359750000000000000e+05
-7.367130000000000000e+05
-7.374510000000000000e+05
-7.381890000000000000e+05
